#Layer_Physical_Order=2
#Layer_Color=36540
#
#Feature symbol names
#
$0 s70
$1 r6
$2 r6.01
$3 r12
$4 r10
$5 rect354.2413x172.5418
$6 r50
$7 r20

#
#Feature attribute names
#
@0 .geometry
@1 .pad_usage
@2 .nomenclature
@3 .string
@4 .string_angle

#
#Feature attribute text strings
#
&0 
&1 Mid Layer 1
&2 VIA_RoundD50.0000H30.0000C70.0000
&3 VIA_RoundD20.0000H10.0000C50.0000

#
#Layer features
#
L 0.3290557 0.9917327 0.3999218 1.0625988 1 P 0
L 0.3290557 1.2751972 0.3999218 1.3460633 1 P 0
L 0.3290558 1.1807091 0.3999219 1.2515752 1 P 0
L 0.3290558 1.3696857 0.3999219 1.4405518 1 P 0
L 0.3290558 1.6531501 0.3999219 1.7240162 1 P 0
L 0.3290558 1.7476383 0.3999219 1.8185044 1 P 0
L 0.3290559 1.5586618 0.399922 1.6295279 1 P 0
L 0.329056 1.0862207 0.3999221 1.1570868 1 P 0
L 0.329056 1.4641737 0.3999221 1.5350398 1 P 0
L 0.3644887 1.2751972 0.4117328 1.3224413 1 P 0
L 0.3644888 1.1807091 0.4117329 1.2279532 1 P 0
L 0.3644888 1.3696857 0.4117329 1.4169298 1 P 0
L 0.3644888 1.6531501 0.4117329 1.7003942 1 P 0
L 0.3644888 1.7476383 0.4117329 1.7948824 1 P 0
L 0.3644889 1.5586618 0.411733 1.6059059 1 P 0
L 0.364489 1.0862207 0.4117331 1.1334648 1 P 0
L 0.364489 1.4641737 0.4117331 1.5114178 1 P 0
L 0.3999218 1.0625988 0.5108643 1.0625988 1 P 0
L 0.3999218 1.2751972 0.4235438 1.2988192 1 P 0
L 0.3999218 1.3460633 0.5108643 1.3460633 1 P 0
L 0.3999219 1.1807091 0.4235439 1.2043311 1 P 0
L 0.3999219 1.2515752 0.5108644 1.2515752 1 P 0
L 0.3999219 1.3696857 0.4235439 1.3933077 1 P 0
L 0.3999219 1.4405518 0.5108644 1.4405518 1 P 0
L 0.3999219 1.6531501 0.4235439 1.6767721 1 P 0
L 0.3999219 1.7240162 0.5108644 1.7240162 1 P 0
L 0.3999219 1.7476383 0.4235439 1.7712603 1 P 0
L 0.3999219 1.8185044 0.5108644 1.8185044 1 P 0
L 0.399922 1.5586618 0.423544 1.5822838 1 P 0
L 0.399922 1.6295279 0.5108645 1.6295279 1 P 0
L 0.3999221 1.0862207 0.4235441 1.1098427 1 P 0
L 0.3999221 1.1570868 0.5108646 1.1570868 1 P 0
L 0.3999221 1.4641737 0.4235441 1.4877957 1 P 0
L 0.3999221 1.5350398 0.5108646 1.5350398 1 P 0
L 0.4117328 1.3224413 0.4863784 1.3224413 1 P 0
L 0.4117329 1.2279532 0.4863785 1.2279532 1 P 0
L 0.4117329 1.4169298 0.4863785 1.4169298 1 P 0
L 0.4117329 1.7003942 0.4863785 1.7003942 1 P 0
L 0.4117329 1.7948824 0.4863785 1.7948824 1 P 0
L 0.411733 1.6059059 0.4863786 1.6059059 1 P 0
L 0.4117331 1.1334648 0.4863787 1.1334648 1 P 0
L 0.4117331 1.5114178 0.4863787 1.5114178 1 P 0
L 0.4235438 1.2988192 0.4863784 1.2988192 1 P 0
L 0.4235439 1.2043311 0.4863785 1.2043311 1 P 0
L 0.4235439 1.3933077 0.4863785 1.3933077 1 P 0
L 0.4235439 1.6767721 0.4863785 1.6767721 1 P 0
L 0.4235439 1.7712603 0.4863785 1.7712603 1 P 0
L 0.423544 1.5822838 0.4863786 1.5822838 1 P 0
L 0.4235441 1.1098427 0.4863787 1.1098427 1 P 0
L 0.4235441 1.4877957 0.4863787 1.4877957 1 P 0
L 0.4353549 1.2751972 0.5126076 1.2751972 1 P 0
L 0.435355 1.1807091 0.5126077 1.1807091 1 P 0
L 0.435355 1.3696857 0.5126077 1.3696857 1 P 0
L 0.435355 1.6531501 0.5126077 1.6531501 1 P 0
L 0.435355 1.7476383 0.5126077 1.7476383 1 P 0
L 0.4353551 1.5586618 0.5126078 1.5586618 1 P 0
L 0.4353552 1.0862207 0.5126079 1.0862207 1 P 0
L 0.4353552 1.4641737 0.5126079 1.4641737 1 P 0
L 0.4863784 1.2988192 0.4903154 1.3027562 1 P 0
L 0.4863784 1.3224413 0.4903155 1.3185042 1 P 0
L 0.4863785 1.2043311 0.4903155 1.2082681 1 P 0
L 0.4863785 1.2279532 0.4903156 1.2240161 1 P 0
L 0.4863785 1.3933077 0.4903155 1.3972447 1 P 0
L 0.4863785 1.4169298 0.4903156 1.4129927 1 P 0
L 0.4863785 1.6767721 0.4903155 1.6807091 1 P 0
L 0.4863785 1.7003942 0.4903156 1.6964571 1 P 0
L 0.4863785 1.7712603 0.4903155 1.7751973 1 P 0
L 0.4863785 1.7948824 0.4903156 1.7909453 1 P 0
L 0.4863786 1.5822838 0.4903156 1.5862208 1 P 0
L 0.4863786 1.6059059 0.4903157 1.6019688 1 P 0
L 0.4863787 1.1098427 0.4903157 1.1137797 1 P 0
L 0.4863787 1.1334648 0.4903158 1.1295277 1 P 0
L 0.4863787 1.4877957 0.4903157 1.4917327 1 P 0
L 0.4863787 1.5114178 0.4903158 1.5074807 1 P 0
L 0.4903154 1.3027562 0.6863094 1.3027562 1 P 0
L 0.4903155 1.2082681 0.6863095 1.2082681 1 P 0
L 0.4903155 1.3185042 0.7082146 1.3185042 1 P 0
L 0.4903155 1.3972447 0.6863095 1.3972447 1 P 0
L 0.4903155 1.6807091 0.6863095 1.6807091 1 P 0
L 0.4903155 1.7751973 0.6863095 1.7751973 1 P 0
L 0.4903156 1.2240161 0.7082147 1.2240161 1 P 0
L 0.4903156 1.4129927 0.7082147 1.4129927 1 P 0
L 0.4903156 1.5862208 0.6863096 1.5862208 1 P 0
L 0.4903156 1.6964571 0.7082147 1.6964571 1 P 0
L 0.4903156 1.7909453 0.7082147 1.7909453 1 P 0
L 0.4903157 1.1137797 0.6863097 1.1137797 1 P 0
L 0.4903157 1.4917327 0.6863097 1.4917327 1 P 0
L 0.4903157 1.6019688 0.7082148 1.6019688 1 P 0
L 0.4903158 1.1295277 0.7082149 1.1295277 1 P 0
L 0.4903158 1.5074807 0.7082149 1.5074807 1 P 0
L 0.5062424 0.1928041 0.5317753 0.1672712 1 P 0
L 0.5108643 1.0625988 0.5226753 1.0507878 1 P 0
L 0.5108643 1.3460633 0.5226753 1.3342523 1 P 0
L 0.5108644 1.2515752 0.5226754 1.2397642 1 P 0
L 0.5108644 1.4405518 0.5226754 1.4287408 1 P 0
L 0.5108644 1.7240162 0.5226754 1.7122052 1 P 0
L 0.5108644 1.8185044 0.5226754 1.8066934 1 P 0
L 0.5108645 1.6295279 0.5226755 1.6177169 1 P 0
L 0.5108646 1.1570868 0.5226756 1.1452758 1 P 0
L 0.5108646 1.5350398 0.5226756 1.5232288 1 P 0
L 0.5126076 1.2751972 0.5244186 1.2870082 1 P 0
L 0.5126077 1.1807091 0.5244187 1.1925201 1 P 0
L 0.5126077 1.3696857 0.5244187 1.3814967 1 P 0
L 0.5126077 1.6531501 0.5244187 1.6649611 1 P 0
L 0.5126077 1.7476383 0.5244187 1.7594493 1 P 0
L 0.5126078 1.5586618 0.5244188 1.5704728 1 P 0
L 0.5126079 1.0862207 0.5244189 1.0980317 1 P 0
L 0.5126079 1.4641737 0.5244189 1.4759847 1 P 0
L 0.5226753 1.0507878 0.7488594 1.0507878 1 P 0
L 0.5226753 1.3342523 0.7488594 1.3342523 1 P 0
L 0.5226754 1.2397642 0.7488595 1.2397642 1 P 0
L 0.5226754 1.4287408 0.7488595 1.4287408 1 P 0
L 0.5226754 1.7122052 0.7488595 1.7122052 1 P 0
L 0.5226754 1.8066934 1.5434602 1.8066934 1 P 0
L 0.5226755 1.6177169 0.7488596 1.6177169 1 P 0
L 0.5226756 1.1452758 0.7488597 1.1452758 1 P 0
L 0.5226756 1.5232288 1.4198352 1.5232288 1 P 0
L 0.5244186 1.2870082 0.6704175 1.2870082 1 P 0
L 0.5244187 1.1925201 0.6704176 1.1925201 1 P 0
L 0.5244187 1.3814967 0.6704176 1.3814967 1 P 0
L 0.5244187 1.6649611 0.6704176 1.6649611 1 P 0
L 0.5244187 1.7594493 0.6704176 1.7594493 1 P 0
L 0.5244188 1.5704728 0.6704177 1.5704728 1 P 0
L 0.5244189 1.0980317 0.6704178 1.0980317 1 P 0
L 0.5244189 1.4759847 0.6704178 1.4759847 1 P 0
L 0.5317753 0.1672712 0.8711789 0.1672712 1 P 0
L 0.6704175 1.2870082 0.6940394 1.2633863 1 P 0
L 0.6704176 1.1925201 0.6940395 1.1688982 1 P 0
L 0.6704176 1.3814967 0.6940395 1.3578748 1 P 0
L 0.6704176 1.6649611 0.6940395 1.6413392 1 P 0
L 0.6704176 1.7594493 0.6940395 1.7358274 1 P 0
L 0.6704177 1.5704728 0.6940396 1.5468509 1 P 0
L 0.6704178 1.0980317 0.6940397 1.0744098 1 P 0
L 0.6704178 1.4759847 0.6940397 1.4523628 1 P 0
L 0.6863094 1.3027562 0.7020574 1.2870082 1 P 0
L 0.6863095 1.2082681 0.7020575 1.1925201 1 P 0
L 0.6863095 1.3972447 0.7020575 1.3814967 1 P 0
L 0.6863095 1.6807091 0.7020575 1.6649611 1 P 0
L 0.6863095 1.7751973 0.7020575 1.7594493 1 P 0
L 0.6863096 1.5862208 0.7020576 1.5704728 1 P 0
L 0.6863097 1.1137797 0.7020577 1.0980317 1 P 0
L 0.6863097 1.4917327 0.7020577 1.4759847 1 P 0
L 0.6940394 1.2633863 1.3280716 1.2633863 1 P 0
L 0.6940395 1.1688982 0.7488595 1.1688982 1 P 0
L 0.6940395 1.3578748 0.7488595 1.3578748 1 P 0
L 0.6940395 1.6413392 0.7488595 1.6413392 1 P 0
L 0.6940395 1.7358274 0.7488595 1.7358274 1 P 0
L 0.6940396 1.5468509 0.7488596 1.5468509 1 P 0
L 0.6940397 1.0744098 0.7488597 1.0744098 1 P 0
L 0.6940397 1.4523628 0.7488597 1.4523628 1 P 0
L 0.7020574 1.2870082 0.7488594 1.2870082 1 P 0
L 0.7020575 1.1925201 0.7488595 1.1925201 1 P 0
L 0.7020575 1.3814967 1.3741824 1.3814967 1 P 0
L 0.7020575 1.6649611 1.4769868 1.6649611 1 P 0
L 0.7020575 1.7594493 1.5240873 1.7594493 1 P 0
L 0.7020576 1.5704728 0.7488596 1.5704728 1 P 0
L 0.7020577 1.0980317 0.7488597 1.0980317 1 P 0
L 0.7020577 1.4759847 1.4064731 1.4759847 1 P 0
L 0.7082146 1.3185042 0.7157384 1.3109804 1 P 0
L 0.7082147 1.2240161 0.7157385 1.2164923 1 P 0
L 0.7082147 1.4129927 0.7157385 1.4054689 1 P 0
L 0.7082147 1.6964571 0.7157385 1.6889333 1 P 0
L 0.7082147 1.7909453 0.7157385 1.7834215 1 P 0
L 0.7082148 1.6019688 0.7157386 1.594445 1 P 0
L 0.7082149 1.1295277 0.7157387 1.1220039 1 P 0
L 0.7082149 1.5074807 0.7157387 1.4999569 1 P 0
L 0.7157384 1.3109804 0.7488594 1.3109804 1 P 0
L 0.7157385 1.2164923 0.7488595 1.2164923 1 P 0
L 0.7157385 1.4054689 0.7488595 1.4054689 1 P 0
L 0.7157385 1.6889333 0.7488595 1.6889333 1 P 0
L 0.7157385 1.7834215 0.7488595 1.7834215 1 P 0
L 0.7157386 1.594445 0.7488596 1.594445 1 P 0
L 0.7157387 1.1220039 0.7488597 1.1220039 1 P 0
L 0.7157387 1.4999569 0.7488597 1.4999569 1 P 0
L 0.7188194 1.0507879 1.1823627 1.0507879 1 P 0
L 0.7188194 1.1688981 1.2737013 1.1688981 1 P 0
L 0.7188194 1.1925202 1.2870344 1.1925202 1 P 0
L 0.7188194 1.3342526 1.3577925 1.3342526 1 P 0
L 0.7188194 1.4051186 1.3834938 1.4051186 1 P 0
L 0.7188194 1.5468508 1.4299989 1.5468508 1 P 0
L 0.7188194 1.6885832 1.4846234 1.6885832 1 P 0
L 0.7188195 1.0744099 1.1823628 1.0744099 1 P 0
L 0.7188195 1.098032 1.1823628 1.098032 1 P 0
L 0.7188195 1.1452761 1.1823628 1.1452761 1 P 0
L 0.7188195 1.2397643 1.3155238 1.2397643 1 P 0
L 0.7188195 1.3106304 1.3490396 1.3106304 1 P 0
L 0.7188195 1.4523627 1.3987172 1.4523627 1 P 0
L 0.7188195 1.5940949 1.4457604 1.5940949 1 P 0
L 0.7188195 1.617717 1.4546858 1.617717 1 P 0
L 0.7188195 1.7358273 1.5121771 1.7358273 1 P 0
L 0.7188196 1.121654 1.1823629 1.121654 1 P 0
L 0.7188196 1.2161423 1.3045379 1.2161423 1 P 0
L 0.7188196 1.2870084 1.3380537 1.2870084 1 P 0
L 0.7188196 1.3578747 1.3635203 1.3578747 1 P 0
L 0.7188196 1.4287407 1.3905722 1.4287407 1 P 0
L 0.7188196 1.5704729 1.4389039 1.5704729 1 P 0
L 0.7188196 1.7122053 1.4956092 1.7122053 1 P 0
L 0.7188196 1.7830714 1.5352651 1.7830714 1 P 0
L 0.7188197 1.4996068 1.4118513 1.4996068 1 P 0
L 0.7188197 1.6413391 1.4632099 1.6413391 1 P 0
L 0.8711789 0.1672712 0.9518148 0.0866353 1 P 0
L 0.9518148 0.0866353 1.7729224 0.0866353 1 P 0
L 1.0150399 0.129528 1.085906 0.2003941 1 P 0
L 1.0150399 0.4129925 1.085906 0.4838586 1 P 0
L 1.01504 0.3185044 1.0859061 0.3893705 1 P 0
L 1.01504 0.507481 1.0859061 0.5783471 1 P 0
L 1.01504 0.7909454 1.0859061 0.8618115 1 P 0
L 1.0150401 0.6964571 1.0859062 0.7673232 1 P 0
L 1.0150402 0.224016 1.0859063 0.2948821 1 P 0
L 1.0150402 0.601969 1.0859063 0.6728351 1 P 0
L 1.0462997 1.9080373 1.0718326 1.8825044 1 P 0
L 1.0504729 0.129528 1.097717 0.1767721 1 P 0
L 1.0504729 0.4129925 1.097717 0.4602366 1 P 0
L 1.050473 0.3185044 1.0977171 0.3657485 1 P 0
L 1.050473 0.507481 1.0977171 0.5547251 1 P 0
L 1.050473 0.7909454 1.0977171 0.8381895 1 P 0
L 1.0504731 0.6964571 1.0977172 0.7437012 1 P 0
L 1.0504732 0.224016 1.0977173 0.2712601 1 P 0
L 1.0504732 0.601969 1.0977173 0.6492131 1 P 0
L 1.0718326 1.8825044 1.6148741 1.8825044 1 P 0
L 1.085906 0.129528 1.109528 0.15315 1 P 0
L 1.085906 0.2003941 1.1968485 0.2003941 1 P 0
L 1.085906 0.4129925 1.109528 0.4366145 1 P 0
L 1.085906 0.4838586 1.1968485 0.4838586 1 P 0
L 1.0859061 0.3185044 1.1095281 0.3421264 1 P 0
L 1.0859061 0.3893705 1.1968486 0.3893705 1 P 0
L 1.0859061 0.507481 1.1095281 0.531103 1 P 0
L 1.0859061 0.5783471 1.1968486 0.5783471 1 P 0
L 1.0859061 0.7909454 1.1095281 0.8145674 1 P 0
L 1.0859061 0.8618115 1.1968486 0.8618115 1 P 0
L 1.0859062 0.6964571 1.1095282 0.7200791 1 P 0
L 1.0859062 0.7673232 1.1968487 0.7673232 1 P 0
L 1.0859063 0.224016 1.1095283 0.247638 1 P 0
L 1.0859063 0.2948821 1.1968488 0.2948821 1 P 0
L 1.0859063 0.601969 1.1095283 0.625591 1 P 0
L 1.0859063 0.6728351 1.1968488 0.6728351 1 P 0
L 1.097717 0.1767721 1.1723626 0.1767721 1 P 0
L 1.097717 0.4602366 1.1723626 0.4602366 1 P 0
L 1.0977171 0.3657485 1.1723627 0.3657485 1 P 0
L 1.0977171 0.5547251 1.1723627 0.5547251 1 P 0
L 1.0977171 0.8381895 1.1723627 0.8381895 1 P 0
L 1.0977172 0.7437012 1.1723628 0.7437012 1 P 0
L 1.0977173 0.2712601 1.1723629 0.2712601 1 P 0
L 1.0977173 0.6492131 1.1723629 0.6492131 1 P 0
L 1.109528 0.15315 1.1723626 0.15315 1 P 0
L 1.109528 0.4366145 1.1723626 0.4366145 1 P 0
L 1.1095281 0.3421264 1.1723627 0.3421264 1 P 0
L 1.1095281 0.531103 1.1723627 0.531103 1 P 0
L 1.1095281 0.8145674 1.1723627 0.8145674 1 P 0
L 1.1095282 0.7200791 1.1723628 0.7200791 1 P 0
L 1.1095283 0.247638 1.1723629 0.247638 1 P 0
L 1.1095283 0.625591 1.1723629 0.625591 1 P 0
L 1.1213391 0.129528 1.1985918 0.129528 1 P 0
L 1.1213391 0.4129925 1.1985918 0.4129925 1 P 0
L 1.1213392 0.3185044 1.1985919 0.3185044 1 P 0
L 1.1213392 0.507481 1.1985919 0.507481 1 P 0
L 1.1213392 0.7909454 1.1985919 0.7909454 1 P 0
L 1.1213392 0.8854337 1.1985919 0.8854337 1 P 0
L 1.1213393 0.6964571 1.198592 0.6964571 1 P 0
L 1.1213394 0.224016 1.1985921 0.224016 1 P 0
L 1.1213394 0.601969 1.1985921 0.601969 1 P 0
L 1.1723626 0.15315 1.1762996 0.157087 1 P 0
L 1.1723626 0.1767721 1.1762997 0.172835 1 P 0
L 1.1723626 0.4366145 1.1762996 0.4405515 1 P 0
L 1.1723626 0.4602366 1.1762997 0.4562995 1 P 0
L 1.1723627 0.3421264 1.1762997 0.3460634 1 P 0
L 1.1723627 0.3657485 1.1762998 0.3618114 1 P 0
L 1.1723627 0.531103 1.1762997 0.53504 1 P 0
L 1.1723627 0.5547251 1.1762998 0.550788 1 P 0
L 1.1723627 0.8145674 1.1762997 0.8185044 1 P 0
L 1.1723627 0.8381895 1.1762998 0.8342524 1 P 0
L 1.1723628 0.7200791 1.1762998 0.7240161 1 P 0
L 1.1723628 0.7437012 1.1762999 0.7397641 1 P 0
L 1.1723629 0.247638 1.1762999 0.251575 1 P 0
L 1.1723629 0.2712601 1.1763 0.267323 1 P 0
L 1.1723629 0.625591 1.1762999 0.629528 1 P 0
L 1.1723629 0.6492131 1.1763 0.645276 1 P 0
L 1.1762996 0.157087 1.3722936 0.157087 1 P 0
L 1.1762996 0.4405515 1.3722936 0.4405515 1 P 0
L 1.1762997 0.172835 1.3941988 0.172835 1 P 0
L 1.1762997 0.3460634 1.3722937 0.3460634 1 P 0
L 1.1762997 0.4562995 1.3941988 0.4562995 1 P 0
L 1.1762997 0.53504 1.3722937 0.53504 1 P 0
L 1.1762997 0.8185044 1.3722937 0.8185044 1 P 0
L 1.1762998 0.3618114 1.3941989 0.3618114 1 P 0
L 1.1762998 0.550788 1.3941989 0.550788 1 P 0
L 1.1762998 0.7240161 1.3722938 0.7240161 1 P 0
L 1.1762998 0.8342524 1.3941989 0.8342524 1 P 0
L 1.1762999 0.251575 1.3722939 0.251575 1 P 0
L 1.1762999 0.629528 1.3722939 0.629528 1 P 0
L 1.1762999 0.7397641 1.394199 0.7397641 1 P 0
L 1.1763 0.267323 1.3941991 0.267323 1 P 0
L 1.1763 0.645276 1.3941991 0.645276 1 P 0
L 1.1823626 1.0507881 1.221281 1.0507881 1 P 0
L 1.1823626 1.0980322 1.248465 1.0980322 1 P 0
L 1.1823627 1.07441 1.2382562 1.07441 1 P 0
L 1.1823628 1.1216542 1.2570337 1.1216542 1 P 0
L 1.1823628 1.1452762 1.26324 1.1452762 1 P 0
L 1.1968485 0.2003941 1.2086595 0.1885831 1 P 0
L 1.1968485 0.4838586 1.2086595 0.4720476 1 P 0
L 1.1968486 0.3893705 1.2086596 0.3775595 1 P 0
L 1.1968486 0.5783471 1.2086596 0.5665361 1 P 0
L 1.1968486 0.8618115 1.2086596 0.8500005 1 P 0
L 1.1968487 0.7673232 1.2086597 0.7555122 1 P 0
L 1.1968488 0.2948821 1.2086598 0.2830711 1 P 0
L 1.1968488 0.6728351 1.2086598 0.6610241 1 P 0
L 1.1985918 0.129528 1.2104028 0.141339 1 P 0
L 1.1985918 0.4129925 1.2104028 0.4248035 1 P 0
L 1.1985919 0.3185044 1.2104029 0.3303154 1 P 0
L 1.1985919 0.507481 1.2104029 0.519292 1 P 0
L 1.1985919 0.7909454 1.2104029 0.8027564 1 P 0
L 1.1985919 0.8854337 1.2104029 0.8972447 1 P 0
L 1.198592 0.6964571 1.210403 0.7082681 1 P 0
L 1.1985921 0.224016 1.2104031 0.235827 1 P 0
L 1.1985921 0.601969 1.2104031 0.61378 1 P 0
L 1.2086595 0.1885831 1.4348436 0.1885831 1 P 0
L 1.2086595 0.4720476 1.4348436 0.4720476 1 P 0
L 1.2086596 0.3775595 1.4348437 0.3775595 1 P 0
L 1.2086596 0.5665361 1.4348437 0.5665361 1 P 0
L 1.2086596 0.8500005 1.4348437 0.8500005 1 P 0
L 1.2086597 0.7555122 1.4348438 0.7555122 1 P 0
L 1.2086598 0.2830711 1.4348439 0.2830711 1 P 0
L 1.2086598 0.6610241 1.4348439 0.6610241 1 P 0
L 1.2104028 0.141339 1.3564017 0.141339 1 P 0
L 1.2104028 0.4248035 1.3564017 0.4248035 1 P 0
L 1.2104029 0.3303154 1.3564018 0.3303154 1 P 0
L 1.2104029 0.519292 1.3564018 0.519292 1 P 0
L 1.2104029 0.8027564 1.3564018 0.8027564 1 P 0
L 1.2104029 0.8972447 1.3564018 0.8972447 1 P 0
L 1.210403 0.7082681 1.3564019 0.7082681 1 P 0
L 1.2104031 0.235827 1.356402 0.235827 1 P 0
L 1.2104031 0.61378 1.356402 0.61378 1 P 0
L 1.2212196 1.0507881 1.2330305 1.0389772 1 P 0
L 1.2330305 1.0389772 1.639448 1.0389772 1 P 0
L 1.2382325 1.07441 1.2500434 1.0625991 1 P 0
L 1.2483578 1.0980322 1.2601687 1.0862213 1 P 0
L 1.2500434 1.0625991 1.6636099 1.0625991 1 P 0
L 1.2571061 1.1216542 1.268917 1.1098433 1 P 0
L 1.2601687 1.0862213 1.6870557 1.0862213 1 P 0
L 1.2633288 1.1452762 1.2751397 1.1334653 1 P 0
L 1.268917 1.1098433 1.4048038 1.1098433 1 P 0
L 1.2737013 1.1688981 1.2855122 1.1570872 1 P 0
L 1.2751397 1.1334653 1.4048038 1.1334653 1 P 0
L 1.2855122 1.1570872 1.4048037 1.1570872 1 P 0
L 1.2870344 1.1925202 1.2998997 1.1796549 1 P 0
L 1.2998997 1.1796549 1.78149 1.1796549 1 P 0
L 1.3045379 1.2161423 1.3205352 1.200145 1 P 0
L 1.3155238 1.2397643 1.3343663 1.2209218 1 P 0
L 1.3205352 1.200145 1.8121566 1.200145 1 P 0
L 1.3280716 1.2633863 1.3503327 1.2411252 1 P 0
L 1.3343663 1.2209218 1.9587243 1.2209218 1 P 0
L 1.3380537 1.2870084 1.3634468 1.2616153 1 P 0
L 1.3490396 1.3106304 1.3775646 1.2821054 1 P 0
L 1.3503327 1.2411252 1.9583785 1.2411252 1 P 0
L 1.3564017 0.141339 1.3800236 0.1177171 1 P 0
L 1.3564017 0.4248035 1.3800236 0.4011816 1 P 0
L 1.3564018 0.3303154 1.3800237 0.3066935 1 P 0
L 1.3564018 0.519292 1.3800237 0.4956701 1 P 0
L 1.3564018 0.8027564 1.3800237 0.7791345 1 P 0
L 1.3564018 0.8972447 1.3800237 0.8736228 1 P 0
L 1.3564019 0.7082681 1.3800238 0.6846462 1 P 0
L 1.356402 0.235827 1.3800239 0.2122051 1 P 0
L 1.356402 0.61378 1.3800239 0.5901581 1 P 0
L 1.3577925 1.3342526 1.3894496 1.3025955 1 P 0
L 1.3634468 1.2616153 1.9583785 1.2616153 1 P 0
L 1.3635203 1.3578747 1.3983094 1.3230856 1 P 0
L 1.3722936 0.157087 1.3880416 0.141339 1 P 0
L 1.3722936 0.4405515 1.3880416 0.4248035 1 P 0
L 1.3722937 0.3460634 1.3880417 0.3303154 1 P 0
L 1.3722937 0.53504 1.3880417 0.519292 1 P 0
L 1.3722937 0.8185044 1.3880417 0.8027564 1 P 0
L 1.3722938 0.7240161 1.3880418 0.7082681 1 P 0
L 1.3722939 0.251575 1.3880419 0.235827 1 P 0
L 1.3722939 0.629528 1.3880419 0.61378 1 P 0
L 1.3741824 1.3814967 1.4121034 1.3435757 1 P 0
L 1.3775646 1.2821054 1.9583785 1.2821054 1 P 0
L 1.3800236 0.1177171 1.4348436 0.1177171 1 P 0
L 1.3800236 0.4011816 1.4348436 0.4011816 1 P 0
L 1.3800237 0.3066935 1.4348437 0.3066935 1 P 0
L 1.3800237 0.4956701 1.4348437 0.4956701 1 P 0
L 1.3800237 0.7791345 1.4348437 0.7791345 1 P 0
L 1.3800237 0.8736228 1.4637524 0.8736228 1 P 0
L 1.3800238 0.6846462 1.4348438 0.6846462 1 P 0
L 1.3800239 0.2122051 1.4348439 0.2122051 1 P 0
L 1.3800239 0.5901581 1.5809414 0.5901581 1 P 0
L 1.3834938 1.4051186 1.4245466 1.3640658 1 P 0
L 1.3880416 0.141339 1.4348436 0.141339 1 P 0
L 1.3880416 0.4248035 1.4348436 0.4248035 1 P 0
L 1.3880417 0.3303154 1.4348437 0.3303154 1 P 0
L 1.3880417 0.519292 1.6050079 0.519292 1 P 0
L 1.3880417 0.8027564 1.4348437 0.8027564 1 P 0
L 1.3880418 0.7082681 1.4348438 0.7082681 1 P 0
L 1.3880419 0.235827 1.4348439 0.235827 1 P 0
L 1.3880419 0.61378 1.4348439 0.61378 1 P 0
L 1.3894496 1.3025955 1.9583785 1.3025955 1 P 0
L 1.3905722 1.4287407 1.434757 1.3845559 1 P 0
L 1.3941988 0.172835 1.4020726 0.1649612 1 P 0
L 1.3941988 0.4562995 1.4017226 0.4487757 1 P 0
L 1.3941989 0.3618114 1.4017227 0.3542876 1 P 0
L 1.3941989 0.550788 1.4017227 0.5432642 1 P 0
L 1.3941989 0.8342524 1.4017227 0.8267286 1 P 0
L 1.394199 0.7397641 1.4017228 0.7322403 1 P 0
L 1.3941991 0.267323 1.4017229 0.2597992 1 P 0
L 1.3941991 0.645276 1.4017229 0.6377522 1 P 0
L 1.3983094 1.3230856 1.9583785 1.3230856 1 P 0
L 1.3987172 1.4523627 1.4460339 1.405046 1 P 0
L 1.4017226 0.4487757 1.4348436 0.4487757 1 P 0
L 1.4017227 0.3542876 1.4348437 0.3542876 1 P 0
L 1.4017227 0.5432642 1.4348437 0.5432642 1 P 0
L 1.4017227 0.8267286 1.4348437 0.8267286 1 P 0
L 1.4017228 0.7322403 1.4348438 0.7322403 1 P 0
L 1.4017229 0.6377522 1.4348439 0.6377522 1 P 0
L 1.4020726 0.1649612 1.7515856 0.1649612 1 P 0
L 1.4048035 0.117717 1.7697486 0.117717 1 P 0
L 1.4048035 0.8027567 1.4991559 0.8027567 1 P 0
L 1.4048035 0.8263788 1.4888558 0.8263788 1 P 0
L 1.4048035 0.8500009 1.4782555 0.8500009 1 P 0
L 1.4048035 1.109843 1.709327 1.109843 1 P 0
L 1.4048036 0.1413391 1.7597512 0.1413391 1 P 0
L 1.4048036 0.1885833 1.7370706 0.1885833 1 P 0
L 1.4048036 0.2122052 1.7246057 0.2122052 1 P 0
L 1.4048036 0.3303156 1.6842218 0.3303156 1 P 0
L 1.4048036 0.3539377 1.671962 0.3539377 1 P 0
L 1.4048036 0.3775598 1.6584722 0.3775598 1 P 0
L 1.4048036 0.4011817 1.6482628 0.4011817 1 P 0
L 1.4048037 0.2358275 1.7166522 0.2358275 1 P 0
L 1.4048037 0.2594496 1.7099286 0.2594496 1 P 0
L 1.4048037 0.2830717 1.6988992 0.2830717 1 P 0
L 1.4048037 0.3066936 1.6897152 0.3066936 1 P 0
L 1.4048037 0.4248038 1.6360032 0.4248038 1 P 0
L 1.4048037 0.4484259 1.6272291 0.4484259 1 P 0
L 1.4048037 0.472048 1.6184553 0.472048 1 P 0
L 1.4048037 0.4956699 1.6109113 0.4956699 1 P 0
L 1.4048037 0.5429141 1.5921332 0.5429141 1 P 0
L 1.4048037 0.5665362 1.58705 0.5665362 1 P 0
L 1.4048037 0.6137802 1.5744227 0.6137802 1 P 0
L 1.4048037 0.6374023 1.5676992 0.6374023 1 P 0
L 1.4048037 0.6610244 1.563026 0.6610244 1 P 0
L 1.4048037 0.6846463 1.5491259 0.6846463 1 P 0
L 1.4048037 0.7082682 1.541787 0.7082682 1 P 0
L 1.4048037 0.7318903 1.5338332 0.7318903 1 P 0
L 1.4048037 0.7555124 1.5199334 0.7555124 1 P 0
L 1.4048037 0.7791343 1.5103391 0.7791343 1 P 0
L 1.4048037 1.1334652 1.7254942 1.1334652 1 P 0
L 1.4048037 1.1570872 1.4068813 1.1591648 1 P 0
L 1.4064731 1.4759847 1.4569217 1.4255361 1 P 0
L 1.4068813 1.1591648 1.7504357 1.1591648 1 P 0
L 1.4118513 1.4996068 1.4654319 1.4460262 1 P 0
L 1.4121034 1.3435757 1.9583785 1.3435757 1 P 0
L 1.4198352 1.5232288 1.4765477 1.4665163 1 P 0
L 1.4245466 1.3640658 1.9583785 1.3640658 1 P 0
L 1.4299989 1.5468508 1.4898433 1.4870064 1 P 0
L 1.434757 1.3845559 1.9583785 1.3845559 1 P 0
L 1.4389039 1.5704729 1.5018803 1.5074965 1 P 0
L 1.4457604 1.5940949 1.5118687 1.5279866 1 P 0
L 1.4460339 1.405046 1.9583785 1.405046 1 P 0
L 1.4546858 1.617717 1.5239261 1.5484767 1 P 0
L 1.4569217 1.4255361 1.9583785 1.4255361 1 P 0
L 1.4632099 1.6413391 1.5355822 1.5689668 1 P 0
L 1.4640225 0.8736228 1.5036833 0.9132836 1 P 0
L 1.4654319 1.4460262 1.9583785 1.4460262 1 P 0
L 1.4765477 1.4665163 1.9583785 1.4665163 1 P 0
L 1.4769868 1.6649611 1.552491 1.5894569 1 P 0
L 1.4777436 0.8500009 1.5205362 0.8927935 1 P 0
L 1.4846234 1.6885832 1.5632588 1.6099478 1 P 0
L 1.4888764 0.8263788 1.534801 0.8723034 1 P 0
L 1.4898433 1.4870064 1.9583785 1.4870064 1 P 0
L 1.4956092 1.7122053 1.5773774 1.6304371 1 P 0
L 1.4996395 0.8027567 1.5486961 0.8518133 1 P 0
L 1.5018803 1.5074965 1.9583785 1.5074965 1 P 0
L 1.5036833 0.9132836 1.9583785 0.9132836 1 P 0
L 1.5104024 0.7791343 1.5625913 0.8313232 1 P 0
L 1.5118687 1.5279866 1.9583785 1.5279866 1 P 0
L 1.5121771 1.7358273 1.5970768 1.6509276 1 P 0
L 1.5200569 0.7555124 1.5753776 0.8108331 1 P 0
L 1.5205362 0.8927935 1.9583785 0.8927935 1 P 0
L 1.5239261 1.5484767 1.9583785 1.5484767 1 P 0
L 1.5240873 1.7594493 1.6121193 1.6714173 1 P 0
L 1.5336592 0.7318903 1.5921119 0.790343 1 P 0
L 1.534801 0.8723034 1.9583785 0.8723034 1 P 0
L 1.5352651 1.7830714 1.6264291 1.6919074 1 P 0
L 1.5355822 1.5689668 1.9583785 1.5689668 1 P 0
L 1.5417832 0.7082682 1.6033679 0.7698529 1 P 0
L 1.5434602 1.8066934 1.6377561 1.7123975 1 P 0
L 1.5486961 0.8518133 1.9583785 0.8518133 1 P 0
L 1.5491214 0.6846463 1.6138379 0.7493628 1 P 0
L 1.552491 1.5894569 1.9583785 1.5894569 1 P 0
L 1.5625913 0.8313232 1.9583785 0.8313232 1 P 0
L 1.5632495 0.6610244 1.6310978 0.7288727 1 P 0
L 1.5632588 1.6099478 1.7763785 1.6099478 1 P 0
L 1.5681472 0.6374023 1.6391275 0.7083826 1 P 0
L 1.5745253 0.6137802 1.6486376 0.6878925 1 P 0
L 1.5753776 0.8108331 1.9583785 0.8108331 1 P 0
L 1.5773774 1.6304371 1.9583785 1.6304371 1 P 0
L 1.5809032 0.5901581 1.6581475 0.6674024 1 P 0
L 1.5872811 0.5665362 1.6676572 0.6469123 1 P 0
L 1.5921119 0.790343 1.9583785 0.790343 1 P 0
L 1.5922804 0.5429141 1.6757885 0.6264222 1 P 0
L 1.5970768 1.6509276 1.7263785 1.6509276 1 P 0
L 1.6033679 0.7698529 1.9583785 0.7698529 1 P 0
L 1.6050369 0.519292 1.691677 0.6059321 1 P 0
L 1.6108948 0.4956699 1.7006669 0.585442 1 P 0
L 1.6121193 1.6714173 1.9583785 1.6714173 1 P 0
L 1.6138379 0.7493628 1.9583785 0.7493628 1 P 0
L 1.6148741 1.8825044 1.7644909 1.7328876 1 P 0
L 1.6186846 0.472048 1.7115885 0.5649519 1 P 0
L 1.6264291 1.6919074 1.9583785 1.6919074 1 P 0
L 1.6271708 0.4484259 1.7232067 0.5444618 1 P 0
L 1.6310978 0.7288727 1.9583785 0.7288727 1 P 0
L 1.6360289 0.4248038 1.7351968 0.5239717 1 P 0
L 1.6377561 1.7123975 1.9583785 1.7123975 1 P 0
L 1.6391275 0.7083826 1.9583785 0.7083826 1 P 0
L 1.639448 1.0389772 1.6795507 0.9988745 1 P 0
L 1.6484068 0.4011817 1.7507067 0.5034816 1 P 0
L 1.6486376 0.6878925 1.9583785 0.6878925 1 P 0
L 1.6581475 0.6674024 1.9583785 0.6674024 1 P 0
L 1.6587847 0.3775598 1.7642164 0.4829915 1 P 0
L 1.6636099 1.0625991 1.6995786 1.0266304 1 P 0
L 1.6676572 0.6469123 1.9583785 0.6469123 1 P 0
L 1.6721628 0.3539377 1.7807265 0.4625014 1 P 0
L 1.6757885 0.6264222 1.9583785 0.6264222 1 P 0
L 1.6795507 0.9988745 1.8616555 0.9988745 1 P 0
L 1.6845405 0.3303156 1.7962362 0.4420113 1 P 0
L 1.6870557 1.0862213 1.7188907 1.0543863 1 P 0
L 1.6899186 0.3066936 1.8047462 0.4215212 1 P 0
L 1.691677 0.6059321 1.9583785 0.6059321 1 P 0
L 1.698981 0.2830717 1.8169404 0.4010311 1 P 0
L 1.6995786 1.0266304 1.8616555 1.0266304 1 P 0
L 1.7006669 0.585442 1.9583785 0.585442 1 P 0
L 1.709327 1.109843 1.7370278 1.0821422 1 P 0
L 1.709952 0.2594496 1.8310434 0.380541 1 P 0
L 1.7115885 0.5649519 1.9583785 0.5649519 1 P 0
L 1.7166748 0.2358275 1.8408982 0.3600509 1 P 0
L 1.7188907 1.0543863 1.8616555 1.0543863 1 P 0
L 1.7232067 0.5444618 1.9583785 0.5444618 1 P 0
L 1.7247441 0.2122052 1.8520997 0.3395608 1 P 0
L 1.7254942 1.1334652 1.7490612 1.1098982 1 P 0
L 1.7263785 1.6509276 1.9583785 1.6509276 1 P 0
L 1.7263785 1.6509276 1.9583785 1.6509288 1 P 0
L 1.7351968 0.5239717 1.9583785 0.5239717 1 P 0
L 1.7370278 1.0821422 1.9510682 1.0821422 1 P 0
L 1.7376387 0.1885833 1.8681261 0.3190707 1 P 0
L 1.7490612 1.1098982 1.9587243 1.1098982 1 P 0
L 1.7504357 1.1591648 1.7719465 1.137654 1 P 0
L 1.7507067 0.5034816 1.9583785 0.5034816 1 P 0
L 1.7514335 0.1649612 1.8850529 0.2985806 1 P 0
L 1.7597444 0.1413391 1.8964958 0.2780905 1 P 0
L 1.7642164 0.4829915 1.9583785 0.4829915 1 P 0
L 1.7644909 1.7328876 1.9583785 1.7328876 1 P 0
L 1.7696688 0.117717 1.9095522 0.2576004 1 P 0
L 1.7719465 1.137654 1.9587243 1.137654 1 P 0
L 1.7729224 0.0866353 1.9233974 0.2371103 1 P 0
L 1.7763785 1.6099478 1.9583785 1.6099478 1 P 0
L 1.7763785 1.6099478 1.9583785 1.6099488 1 P 0
L 1.7807265 0.4625014 1.9583785 0.4625014 1 P 0
L 1.78149 1.1796549 1.7957349 1.16541 1 P 0
L 1.7957349 1.16541 1.9587243 1.16541 1 P 0
L 1.7962362 0.4420113 1.9583785 0.4420113 1 P 0
L 1.8047462 0.4215212 1.9583785 0.4215212 1 P 0
L 1.8121566 1.200145 1.8191358 1.1931658 1 P 0
L 1.8169404 0.4010311 1.9583785 0.4010311 1 P 0
L 1.8191358 1.1931658 1.9587243 1.1931658 1 P 0
L 1.8310434 0.380541 1.9583785 0.380541 1 P 0
L 1.8408982 0.3600509 1.9583785 0.3600509 1 P 0
L 1.8520997 0.3395608 1.9583785 0.3395608 1 P 0
L 1.8616555 0.9988745 1.8791057 0.9988745 2 P 0
L 1.8616555 1.0266304 1.9043245 1.0266304 2 P 0
L 1.8616555 1.0543863 1.9238164 1.0543863 2 P 0
L 1.8681261 0.3190707 1.9583785 0.3190707 1 P 0
L 1.8791057 0.9988745 1.9038105 0.9741697 2 P 0
L 1.8850529 0.2985806 1.9583785 0.2985806 1 P 0
L 1.8964958 0.2780905 1.9583785 0.2780905 1 P 0
L 1.9038105 0.9741697 2.1263785 0.9741697 2 P 0
L 1.9043245 1.0266304 1.9323758 0.9985791 2 P 0
L 1.9095522 0.2576004 1.9583785 0.2576004 1 P 0
L 1.9233974 0.2371103 1.9583785 0.2371103 1 P 0
L 1.9238164 1.0543863 1.955214 1.0229887 2 P 0
L 1.9323758 0.9985791 2.1263785 0.9985791 2 P 0
L 1.9510682 1.0821422 1.9858123 1.0473981 2 P 0
L 1.955214 1.0229887 2.1263785 1.0229887 2 P 0
L 1.9583785 0.2371103 2.004469 0.2371103 2 P 0
L 1.9583785 0.2576004 2.0069016 0.2576004 2 P 0
L 1.9583785 0.2780905 2.0179712 0.2780905 2 P 0
L 1.9583785 0.2985806 2.0214842 0.2985806 2 P 0
L 1.9583785 0.3190707 2.0236637 0.3190707 2 P 0
L 1.9583785 0.3395608 2.0302884 0.3395608 2 P 0
L 1.9583785 0.3600509 2.0360239 0.3600509 2 P 0
L 1.9583785 0.380541 2.0382034 0.380541 2 P 0
L 1.9583785 0.4010311 2.045717 0.4010311 2 P 0
L 1.9583785 0.4215212 2.043896 0.4215212 2 P 0
L 1.9583785 0.4420113 2.0478535 0.4420113 2 P 0
L 1.9583785 0.4625014 2.0500331 0.4625014 2 P 0
L 1.9583785 0.4829915 2.0526571 0.4829915 2 P 0
L 1.9583785 0.5034816 2.0557256 0.5034816 2 P 0
L 1.9583785 0.5239717 2.0596832 0.5239717 2 P 0
L 1.9583785 0.5444618 2.0605292 0.5444618 2 P 0
L 1.9583785 0.5649519 2.0631532 0.5649519 2 P 0
L 1.9583785 0.585442 2.0644437 0.585442 2 P 0
L 1.9583785 0.6059321 2.0697348 0.6059321 2 P 0
L 1.9583785 0.6264222 2.0745813 0.6264222 2 P 0
L 1.9583785 0.6469123 2.0847619 0.6469123 2 P 0
L 1.9583785 0.6674024 2.0833854 0.6674024 2 P 0
L 1.9583785 0.6878925 2.0824534 0.6878925 2 P 0
L 1.9583785 0.7083826 2.0806324 0.7083826 2 P 0
L 1.9583785 0.7288727 2.1050508 0.7288727 2 P 0
L 1.9583785 0.7493628 2.1166509 0.7493628 2 P 0
L 1.9583785 0.7698529 2.0971358 0.7698529 2 P 0
L 1.9583785 0.790343 2.0900667 0.790343 2 P 0
L 1.9583785 0.8108331 2.062995 0.8108331 2 P 0
L 1.9583785 0.8313232 2.056815 0.8313232 2 P 0
L 1.9583785 0.8518133 2.052413 0.8518133 2 P 0
L 1.9583785 0.8723034 2.0422324 0.8723034 2 P 0
L 1.9583785 0.8927935 2.0204947 0.8927935 2 P 0
L 1.9583785 0.9132836 2.0049801 0.9132836 2 P 0
L 1.9583785 1.2411252 1.9819064 1.2411252 2 P 0
L 1.9583785 1.2616153 1.9921989 1.2616153 2 P 0
L 1.9583785 1.2821054 2.0060707 1.2821054 2 P 0
L 1.9583785 1.3025955 2.0142156 1.3025955 2 P 0
L 1.9583785 1.3230856 2.0230763 1.3230856 2 P 0
L 1.9583785 1.3435757 2.0362322 1.3435757 2 P 0
L 1.9583785 1.3640658 2.0436613 1.3640658 2 P 0
L 1.9583785 1.3845559 2.0539537 1.3845559 2 P 0
L 1.9583785 1.405046 2.0663938 1.405046 2 P 0
L 1.9583785 1.4255361 2.078118 1.4255361 2 P 0
L 1.9583785 1.4460262 2.0848312 1.4460262 2 P 0
L 1.9583785 1.4665163 2.1080094 1.4665163 2 P 0
L 1.9583785 1.4870064 2.1261402 1.4870064 2 P 0
L 1.9583785 1.5074965 2.0850902 1.5074965 2 P 0
L 1.9583785 1.5279866 2.0783771 1.5279866 2 P 0
L 1.9583785 1.5484767 2.0702322 1.5484767 2 P 0
L 1.9583785 1.5689668 2.0673153 1.5689668 2 P 0
L 1.9583785 1.5894569 2.0577731 1.5894569 2 P 0
L 1.9583785 1.6099488 2.0508804 1.6099488 2 P 0
L 1.9583785 1.6304371 2.0469592 1.6304371 2 P 0
L 1.9583785 1.6509288 2.0395318 1.6509288 2 P 0
L 1.9583785 1.6714173 2.0349647 1.6714173 2 P 0
L 1.9583785 1.6919074 2.0268198 1.6919074 2 P 0
L 1.9583785 1.7123975 2.0201067 1.7123975 2 P 0
L 1.9583785 1.7328876 2.0133936 1.7328876 2 P 0
L 1.9587243 1.1098982 1.9592204 1.1098982 2 P 0
L 1.9587243 1.137654 1.9600996 1.137654 2 P 0
L 1.9587243 1.16541 1.9631261 1.16541 2 P 0
L 1.9587243 1.1931658 1.966153 1.1931658 2 P 0
L 1.9587243 1.2209218 1.9706113 1.2209218 2 P 0
L 1.9592204 1.1098982 1.9973111 1.0718075 2 P 0
L 1.9600996 1.137654 2.0015367 1.0962169 2 P 0
L 1.9631261 1.16541 2.0079096 1.1206265 2 P 0
L 1.966153 1.1931658 2.0142829 1.1450359 2 P 0
L 1.9706113 1.2209218 2.0220878 1.1694453 2 P 0
L 1.9819064 1.2411252 2.0291769 1.1938547 2 P 0
L 1.9858123 1.0473981 2.1263785 1.0473981 2 P 0
L 1.9921989 1.2616153 2.0355499 1.2182643 2 P 0
L 1.9973111 1.0718075 2.1263785 1.0718075 2 P 0
L 2.0015367 1.0962169 2.1263785 1.0962169 2 P 0
L 2.004469 0.2371103 2.0973308 0.1442485 2 P 0
L 2.0049801 0.9132836 2.0414568 0.9497603 2 P 0
L 2.0060707 1.2821054 2.0455024 1.2426737 2 P 0
L 2.0069016 0.2576004 2.0958441 0.1686579 2 P 0
L 2.0079096 1.1206265 2.1263785 1.1206265 2 P 0
L 2.0133936 1.7328876 2.0601875 1.7796815 2 P 0
L 2.0142156 1.3025955 2.049728 1.2670831 2 P 0
L 2.0142829 1.1450359 2.1263785 1.1450359 2 P 0
L 2.0179712 0.2780905 2.1029943 0.1930674 2 P 0
L 2.0201067 1.7123975 2.0629813 1.7552721 2 P 0
L 2.0204947 0.8927935 2.0530521 0.9253509 2 P 0
L 2.0214842 0.2985806 2.102588 0.2174768 2 P 0
L 2.0220878 1.1694453 2.1263785 1.1694453 2 P 0
L 2.0230763 1.3230856 2.0546694 1.2914925 2 P 0
L 2.0236637 0.3190707 2.1008481 0.2418863 2 P 0
L 2.0268198 1.6919074 2.065775 1.7308626 2 P 0
L 2.0291769 1.1938547 2.1263785 1.1938547 2 P 0
L 2.0302884 0.3395608 2.1035535 0.2662957 2 P 0
L 2.0349647 1.6714173 2.0700006 1.7064532 2 P 0
L 2.0355499 1.2182643 2.1263785 1.2182643 2 P 0
L 2.0360239 0.3600509 2.1053696 0.2907052 2 P 0
L 2.0362322 1.3435757 2.0639059 1.315902 2 P 0
L 2.0382034 0.380541 2.1036298 0.3151146 2 P 0
L 2.0395318 1.6509288 2.0706467 1.6820437 2 P 0
L 2.0414568 0.9497603 2.1263785 0.9497603 2 P 0
L 2.0422324 0.8723034 2.0708703 0.9009413 2 P 0
L 2.0436613 1.3640658 2.0674157 1.3403114 2 P 0
L 2.043896 0.4215212 2.1014837 0.3639335 2 P 0
L 2.0455024 1.2426737 2.1263785 1.2426737 2 P 0
L 2.045717 0.4010311 2.107224 0.3395241 2 P 0
L 2.0469592 1.6304371 2.0741564 1.6576343 2 P 0
L 2.0478535 0.4420113 2.1015218 0.388343 2 P 0
L 2.049728 1.2670831 2.1263785 1.2670831 2 P 0
L 2.0500331 0.4625014 2.0997821 0.4127524 2 P 0
L 2.0508804 1.6099488 2.0741564 1.6332248 2 P 0
L 2.052413 0.8518133 2.0771316 0.8765319 2 P 0
L 2.0526571 0.4829915 2.0984867 0.4371619 2 P 0
L 2.0530521 0.9253509 2.1263785 0.9253509 2 P 0
L 2.0539537 1.3845559 2.0737887 1.3647209 2 P 0
L 2.0546694 1.2914925 2.1263785 1.2914925 2 P 0
L 2.0557256 0.5034816 2.0976359 0.4615713 2 P 0
L 2.056815 0.8313232 2.0776142 0.8521224 2 P 0
L 2.0577731 1.5894569 2.0771316 1.6088154 2 P 0
L 2.0596832 0.5239717 2.0976741 0.4859808 2 P 0
L 2.0601875 1.7796815 2.1263785 1.7796815 2 P 0
L 2.0605292 0.5444618 2.0946008 0.5103902 2 P 0
L 2.0629813 1.7552721 2.1263785 1.7552721 2 P 0
L 2.062995 0.8108331 2.0798749 0.827713 2 P 0
L 2.0631532 0.5649519 2.0933054 0.5347997 2 P 0
L 2.0639059 1.315902 2.1263785 1.315902 2 P 0
L 2.0644437 0.585442 2.0906766 0.5592091 2 P 0
L 2.065775 1.7308626 2.1263785 1.7308626 2 P 0
L 2.0663938 1.405046 2.0823095 1.3891303 2 P 0
L 2.0673153 1.5689668 2.0827544 1.5844059 2 P 0
L 2.0674157 1.3403114 2.1263785 1.3403114 2 P 0
L 2.0697348 0.6059321 2.0920483 0.5836186 2 P 0
L 2.0700006 1.7064532 2.1263785 1.7064532 2 P 0
L 2.0702322 1.5484767 2.081752 1.5599965 2 P 0
L 2.0706467 1.6820437 2.1263785 1.6820437 2 P 0
L 2.0708703 0.9009413 2.1263785 0.9009413 2 P 0
L 2.0737887 1.3647209 2.1263785 1.3647209 2 P 0
L 2.0741564 1.6332248 2.1263785 1.6332248 2 P 0
L 2.0741564 1.6576343 2.1263785 1.6576343 2 P 0
L 2.0745813 0.6264222 2.0929755 0.608028 2 P 0
L 2.0771316 0.8765319 2.1263785 0.8765319 2 P 0
L 2.0771316 1.6088154 2.1263785 1.6088154 2 P 0
L 2.0776142 0.8521224 2.1263785 0.8521224 2 P 0
L 2.078118 1.4255361 2.0901143 1.4135398 2 P 0
L 2.0783771 1.5279866 2.0859775 1.535587 2 P 0
L 2.0798749 0.827713 2.1263785 0.827713 2 P 0
L 2.0806324 0.7083826 2.0833492 0.7056658 2 P 0
L 2.081752 1.5599965 2.1263785 1.5599965 2 P 0
L 2.0823095 1.3891303 2.1263785 1.3891303 2 P 0
L 2.0824534 0.6878925 2.0890895 0.6812564 2 P 0
L 2.0827544 1.5844059 2.1263785 1.5844059 2 P 0
L 2.0833492 0.7056658 2.1263785 0.7056658 2 P 0
L 2.0833854 0.6674024 2.0939409 0.6568469 2 P 0
L 2.0847619 0.6469123 2.0992367 0.6324375 2 P 0
L 2.0848312 1.4460262 2.0929082 1.4379492 2 P 0
L 2.0850902 1.5074965 2.0887713 1.5111776 2 P 0
L 2.0859775 1.535587 2.1263785 1.535587 2 P 0
L 2.0887713 1.5111776 2.1263785 1.5111776 2 P 0
L 2.0890895 0.6812564 2.1263785 0.6812564 2 P 0
L 2.0900667 0.790343 2.1030272 0.8033035 2 P 0
L 2.0901143 1.4135398 2.1263785 1.4135398 2 P 0
L 2.0906766 0.5592091 2.1263785 0.5592091 2 P 0
L 2.0920483 0.5836186 2.1263785 0.5836186 2 P 0
L 2.0929082 1.4379492 2.1263785 1.4379492 2 P 0
L 2.0929755 0.608028 2.1263785 0.608028 2 P 0
L 2.0933054 0.5347997 2.1263785 0.5347997 2 P 0
L 2.0939409 0.6568469 2.1263785 0.6568469 2 P 0
L 2.0946008 0.5103902 2.1263785 0.5103902 2 P 0
L 2.0958441 0.1686579 2.1263785 0.1686579 2 P 0
L 2.0971358 0.7698529 2.106177 0.7788941 2 P 0
L 2.0973308 0.1442485 2.1263785 0.1442485 2 P 0
L 2.0976359 0.4615713 2.1263785 0.4615713 2 P 0
L 2.0976741 0.4859808 2.1263785 0.4859808 2 P 0
L 2.0984867 0.4371619 2.1263785 0.4371619 2 P 0
L 2.0992367 0.6324375 2.1263785 0.6324375 2 P 0
L 2.0997821 0.4127524 2.1263785 0.4127524 2 P 0
L 2.1008481 0.2418863 2.1263785 0.2418863 2 P 0
L 2.1014837 0.3639335 2.1263785 0.3639335 2 P 0
L 2.1015218 0.388343 2.1263785 0.388343 2 P 0
L 2.102588 0.2174768 2.1263785 0.2174768 2 P 0
L 2.1029943 0.1930674 2.1263785 0.1930674 2 P 0
L 2.1030272 0.8033035 2.1263785 0.8033035 2 P 0
L 2.1035535 0.2662957 2.1263785 0.2662957 2 P 0
L 2.1036298 0.3151146 2.1263785 0.3151146 2 P 0
L 2.1050508 0.7288727 2.1062533 0.7300752 2 P 0
L 2.1053696 0.2907052 2.1263785 0.2907052 2 P 0
L 2.106177 0.7788941 2.1263785 0.7788941 2 P 0
L 2.1062533 0.7300752 2.1263785 0.7300752 2 P 0
L 2.107224 0.3395241 2.1263785 0.3395241 2 P 0
L 2.1080094 1.4665163 2.112167 1.4623587 2 P 0
L 2.112167 1.4623587 2.1263785 1.4623587 2 P 0
L 2.1166509 0.7493628 2.1217727 0.7544846 2 P 0
L 2.1217727 0.7544846 2.1263785 0.7544846 2 P 0
L 2.1261402 1.4870064 2.1263785 1.4867681 2 P 0
L 2.1263785 0.1442485 2.2157832 0.1442485 1 P 0
L 2.1263785 0.1686579 2.1567281 0.1686579 1 P 0
L 2.1263785 0.1930674 2.2157832 0.1930674 1 P 0
L 2.1263785 0.2174768 2.1567281 0.2174768 1 P 0
L 2.1263785 0.2418863 2.2157832 0.2418863 1 P 0
L 2.1263785 0.2662957 2.1567281 0.2662957 1 P 0
L 2.1263785 0.2907052 2.2157832 0.2907052 1 P 0
L 2.1263785 0.3151146 2.1567281 0.3151146 1 P 0
L 2.1263785 0.3395241 2.2157832 0.3395241 1 P 0
L 2.1263785 0.3639335 2.1567281 0.3639335 1 P 0
L 2.1263785 0.388343 2.2157832 0.388343 1 P 0
L 2.1263785 0.4127524 2.1567281 0.4127524 1 P 0
L 2.1263785 0.4371619 2.2157832 0.4371619 1 P 0
L 2.1263785 0.4615713 2.1567281 0.4615713 1 P 0
L 2.1263785 0.4859808 2.2157832 0.4859808 1 P 0
L 2.1263785 0.5103902 2.1567281 0.5103902 1 P 0
L 2.1263785 0.5347997 2.2157832 0.5347997 1 P 0
L 2.1263785 0.5592091 2.1567281 0.5592091 1 P 0
L 2.1263785 0.5836186 2.2157832 0.5836186 1 P 0
L 2.1263785 0.608028 2.1567281 0.608028 1 P 0
L 2.1263785 0.6324375 2.2157832 0.6324375 1 P 0
L 2.1263785 0.6568469 2.1567281 0.6568469 1 P 0
L 2.1263785 0.6812564 2.2157832 0.6812564 1 P 0
L 2.1263785 0.7056658 2.1567281 0.7056658 1 P 0
L 2.1263785 0.7300752 2.2157832 0.7300752 1 P 0
L 2.1263785 0.7544846 2.1567281 0.7544846 1 P 0
L 2.1263785 0.7788941 2.2157832 0.7788941 1 P 0
L 2.1263785 0.8033035 2.1567281 0.8033035 1 P 0
L 2.1263785 0.827713 2.2157832 0.827713 1 P 0
L 2.1263785 0.8521224 2.1567281 0.8521224 1 P 0
L 2.1263785 0.8765319 2.2157832 0.8765319 1 P 0
L 2.1263785 0.9009413 2.1567281 0.9009413 1 P 0
L 2.1263785 0.9253509 2.2157832 0.9253509 1 P 0
L 2.1263785 0.9497603 2.1567281 0.9497603 1 P 0
L 2.1263785 0.9741697 2.2157832 0.9741697 1 P 0
L 2.1263785 0.9985791 2.1567281 0.9985791 1 P 0
L 2.1263785 1.0229887 2.2157832 1.0229887 1 P 0
L 2.1263785 1.0473981 2.1567281 1.0473981 1 P 0
L 2.1263785 1.0718075 2.2157832 1.0718075 1 P 0
L 2.1263785 1.0962169 2.1567281 1.0962169 1 P 0
L 2.1263785 1.1206265 2.2157832 1.1206265 1 P 0
L 2.1263785 1.1450359 2.1567281 1.1450359 1 P 0
L 2.1263785 1.1694453 2.2157832 1.1694453 1 P 0
L 2.1263785 1.1938547 2.1567281 1.1938547 1 P 0
L 2.1263785 1.2182643 2.2157832 1.2182643 1 P 0
L 2.1263785 1.2426737 2.1567281 1.2426737 1 P 0
L 2.1263785 1.2670831 2.2157832 1.2670831 1 P 0
L 2.1263785 1.2914925 2.1567281 1.2914925 1 P 0
L 2.1263785 1.315902 2.2157832 1.315902 1 P 0
L 2.1263785 1.3403114 2.1567281 1.3403114 1 P 0
L 2.1263785 1.3647209 2.2157832 1.3647209 1 P 0
L 2.1263785 1.3891303 2.1567281 1.3891303 1 P 0
L 2.1263785 1.4135398 2.2157832 1.4135398 1 P 0
L 2.1263785 1.4379492 2.1567281 1.4379492 1 P 0
L 2.1263785 1.4623587 2.2157832 1.4623587 1 P 0
L 2.1263785 1.4867681 2.1567281 1.4867681 1 P 0
L 2.1263785 1.5111776 2.2157832 1.5111776 1 P 0
L 2.1263785 1.535587 2.1567281 1.535587 1 P 0
L 2.1263785 1.5599965 2.2157832 1.5599965 1 P 0
L 2.1263785 1.5844059 2.1567281 1.5844059 1 P 0
L 2.1263785 1.6088154 2.2157832 1.6088154 1 P 0
L 2.1263785 1.6332248 2.1567281 1.6332248 1 P 0
L 2.1263785 1.6576343 2.2157832 1.6576343 1 P 0
L 2.1263785 1.6820437 2.1567281 1.6820437 1 P 0
L 2.1263785 1.7064532 2.2157832 1.7064532 1 P 0
L 2.1263785 1.7308626 2.1567281 1.7308626 1 P 0
L 2.1263785 1.7552721 2.2157832 1.7552721 1 P 0
L 2.1263785 1.7796815 2.1567281 1.7796815 1 P 0
L 2.1563785 0.1431738 6.1284165 0.1431738 3 P 0
L 2.1563785 0.1675714 6.1284165 0.1675714 3 P 0
L 2.1563785 0.191969 6.1284165 0.191969 3 P 0
L 2.1563785 0.2163666 6.1284165 0.2163666 3 P 0
L 2.1563785 0.2407642 6.1284165 0.2407642 3 P 0
L 2.1563785 0.2651618 6.1284165 0.2651618 3 P 0
L 2.1563785 0.2895594 6.1284165 0.2895594 3 P 0
L 2.1563785 0.313957 6.1284165 0.313957 3 P 0
L 2.1563785 0.3383546 6.1284165 0.3383546 3 P 0
L 2.1563785 0.3627522 6.1284165 0.3627522 3 P 0
L 2.1563785 0.3871498 6.1284165 0.3871498 3 P 0
L 2.1563785 0.4115474 6.1284165 0.4115474 3 P 0
L 2.1563785 0.435945 6.1284165 0.435945 3 P 0
L 2.1563785 0.4603426 6.1284165 0.4603426 3 P 0
L 2.1563785 0.4847402 6.1284165 0.4847402 3 P 0
L 2.1563785 0.5091378 6.1284165 0.5091378 3 P 0
L 2.1563785 0.5335354 6.1284165 0.5335354 3 P 0
L 2.1563785 0.557933 6.1284165 0.557933 3 P 0
L 2.1563785 0.5823306 6.1284165 0.5823306 3 P 0
L 2.1563785 0.6067282 6.1284165 0.6067282 3 P 0
L 2.1563785 0.6311258 6.1284165 0.6311258 3 P 0
L 2.1563785 0.6555234 6.1284165 0.6555234 3 P 0
L 2.1563785 0.679921 6.1284165 0.679921 3 P 0
L 2.1563785 0.7043186 6.1284165 0.7043186 3 P 0
L 2.1563785 0.7287162 6.1284165 0.7287162 3 P 0
L 2.1563785 0.7531138 6.1284165 0.7531138 3 P 0
L 2.1563785 0.7775114 6.1284165 0.7775114 3 P 0
L 2.1563785 0.801909 6.1284165 0.801909 3 P 0
L 2.1563785 0.8263066 6.1284165 0.8263066 3 P 0
L 2.1563785 0.8507042 6.1284165 0.8507042 3 P 0
L 2.1563785 0.8751018 6.1284165 0.8751018 3 P 0
L 2.1563785 0.8994994 6.1284165 0.8994994 3 P 0
L 2.1563785 0.923897 6.1284165 0.923897 3 P 0
L 2.1563785 0.9482946 6.1284165 0.9482946 3 P 0
L 2.1563785 0.9726922 6.1284165 0.9726922 3 P 0
L 2.1563785 0.9970898 6.1284165 0.9970898 3 P 0
L 2.1563785 1.0214874 6.1284165 1.0214874 3 P 0
L 2.1563785 1.045885 6.1284165 1.045885 3 P 0
L 2.1563785 1.0702826 6.1284165 1.0702826 3 P 0
L 2.1563785 1.0946802 6.1284165 1.0946802 3 P 0
L 2.1563785 1.1190778 6.1284165 1.1190778 3 P 0
L 2.1563785 1.1434754 6.1284165 1.1434754 3 P 0
L 2.1563785 1.167873 6.1284165 1.167873 3 P 0
L 2.1563785 1.1922706 6.1284165 1.1922706 3 P 0
L 2.1563785 1.2166682 6.1284165 1.2166682 3 P 0
L 2.1563785 1.2410658 6.1284165 1.2410658 3 P 0
L 2.1563785 1.2654634 6.1284165 1.2654634 3 P 0
L 2.1563785 1.289861 6.1284165 1.289861 3 P 0
L 2.1563785 1.3142586 6.1284165 1.3142586 3 P 0
L 2.1563785 1.3386562 6.1284165 1.3386562 3 P 0
L 2.1563785 1.3630538 6.1284165 1.3630538 3 P 0
L 2.1563785 1.3874514 6.1284165 1.3874514 3 P 0
L 2.1563785 1.411849 6.1284165 1.411849 3 P 0
L 2.1563785 1.4362466 6.1284165 1.4362466 3 P 0
L 2.1563785 1.4606442 6.1284165 1.4606442 3 P 0
L 2.1563785 1.4850418 6.1284165 1.4850418 3 P 0
L 2.1563785 1.5094394 6.1284165 1.5094394 3 P 0
L 2.1563785 1.533837 6.1284165 1.533837 3 P 0
L 2.1563785 1.5582346 6.1284165 1.5582346 3 P 0
L 2.1563785 1.5826322 6.1284165 1.5826322 3 P 0
L 2.1563785 1.6070298 6.1284165 1.6070298 3 P 0
L 2.1563785 1.6314274 6.1284165 1.6314274 3 P 0
L 2.1563785 1.655825 6.1284165 1.655825 3 P 0
L 2.1563785 1.6802226 6.1284165 1.6802226 3 P 0
L 2.1563785 1.7046202 6.1284165 1.7046202 3 P 0
L 2.1563785 1.7290178 6.1284165 1.7290178 3 P 0
L 2.1563785 1.7534154 6.1284165 1.7534154 3 P 0
L 2.1563785 1.777813 6.1284165 1.777813 3 P 0
L 6.4484877 4.7002203 6.4484877 4.7602009 4 P 0 ;2,3=1,4=0.000000
L 6.4484877 4.7602009 6.4684812 4.7402074 4 P 0 ;2,3=1,4=0.000000
L 6.4684812 4.7402074 6.4884748 4.7602009 4 P 0 ;2,3=1,4=0.000000
L 6.4884748 4.7602009 6.4884748 4.7002203 4 P 0 ;2,3=1,4=0.000000
L 6.5084683 4.7002203 6.5284618 4.7002203 4 P 0 ;2,3=1,4=0.000000
L 6.5184651 4.7002203 6.5184651 4.7402074 4 P 0 ;2,3=1,4=0.000000
L 6.5184651 4.7402074 6.5084683 4.7402074 4 P 0 ;2,3=1,4=0.000000
L 6.5284618 4.7002203 6.5184651 4.7002203 4 P 0 ;2,3=1,4=0.000000
L 6.5584521 4.7102171 6.5584521 4.7302106 4 P 0 ;2,3=1,4=0.000000
L 6.5584521 4.7302106 6.5684489 4.7402074 4 P 0 ;2,3=1,4=0.000000
L 6.5684489 4.7002203 6.5584521 4.7102171 4 P 0 ;2,3=1,4=0.000000
L 6.5684489 4.7402074 6.5984392 4.7402074 4 P 0 ;2,3=1,4=0.000000
L 6.5984392 4.7002203 6.5684489 4.7002203 4 P 0 ;2,3=1,4=0.000000
L 6.5984392 4.7602009 6.5984392 4.7002203 4 P 0 ;2,3=1,4=0.000000
L 6.6784133 4.7002203 6.7184004 4.7002203 4 P 0 ;2,3=1,4=0.000000
L 6.6784133 4.7602009 6.6784133 4.7002203 4 P 0 ;2,3=1,4=0.000000
L 6.7383939 4.7102171 6.7483907 4.7202138 4 P 0 ;2,3=1,4=0.000000
L 6.7483907 4.7002203 6.7383939 4.7102171 4 P 0 ;2,3=1,4=0.000000
L 6.7483907 4.7202138 6.778381 4.7202138 4 P 0 ;2,3=1,4=0.000000
L 6.7483907 4.7402074 6.7683842 4.7402074 4 P 0 ;2,3=1,4=0.000000
L 6.7683842 4.7402074 6.778381 4.7302106 4 P 0 ;2,3=1,4=0.000000
L 6.778381 4.7002203 6.7483907 4.7002203 4 P 0 ;2,3=1,4=0.000000
L 6.778381 4.7302106 6.778381 4.7002203 4 P 0 ;2,3=1,4=0.000000
L 6.7983745 4.7102171 6.8083713 4.7002203 4 P 0 ;2,3=1,4=0.000000
L 6.7983745 4.7402074 6.7983745 4.7102171 4 P 0 ;2,3=1,4=0.000000
L 6.8083713 4.7002203 6.8383616 4.7002203 4 P 0 ;2,3=1,4=0.000000
L 6.8283648 4.6802268 6.818368 4.6802268 4 P 0 ;2,3=1,4=0.000000
L 6.8383616 4.6902235 6.8283648 4.6802268 4 P 0 ;2,3=1,4=0.000000
L 6.8383616 4.7002203 6.8383616 4.6902235 4 P 0 ;2,3=1,4=0.000000
L 6.8383616 4.7002203 6.8383616 4.7402074 4 P 0 ;2,3=1,4=0.000000
L 6.8583551 4.7102171 6.8583551 4.7302106 4 P 0 ;2,3=1,4=0.000000
L 6.8583551 4.7302106 6.8683519 4.7402074 4 P 0 ;2,3=1,4=0.000000
L 6.8683519 4.7002203 6.8583551 4.7102171 4 P 0 ;2,3=1,4=0.000000
L 6.8683519 4.7402074 6.8883454 4.7402074 4 P 0 ;2,3=1,4=0.000000
L 6.8883454 4.7002203 6.8683519 4.7002203 4 P 0 ;2,3=1,4=0.000000
L 6.8883454 4.7402074 6.8983422 4.7302106 4 P 0 ;2,3=1,4=0.000000
L 6.8983422 4.7202138 6.8583551 4.7202138 4 P 0 ;2,3=1,4=0.000000
L 6.8983422 4.7302106 6.8983422 4.7202138 4 P 0 ;2,3=1,4=0.000000
L 6.9183357 4.7002203 6.9183357 4.7202138 4 P 0 ;2,3=1,4=0.000000
L 6.9183357 4.7202138 6.9283325 4.7302106 4 P 0 ;2,3=1,4=0.000000
L 6.9183357 4.7402074 6.9183357 4.7002203 4 P 0 ;2,3=1,4=0.000000
L 6.9283325 4.7302106 6.9383292 4.7402074 4 P 0 ;2,3=1,4=0.000000
L 6.9383292 4.7402074 6.948326 4.7402074 4 P 0 ;2,3=1,4=0.000000
L 7.0382969 4.7002203 7.0582904 4.7002203 4 P 0 ;2,3=1,4=0.000000
L 7.0482937 4.7002203 7.0482937 4.7602009 4 P 0 ;2,3=1,4=0.000000
L 7.0482937 4.7602009 7.0382969 4.7502041 4 P 0 ;2,3=1,4=0.000000
L 7.0582904 4.7002203 7.0482937 4.7002203 4 P 0 ;2,3=1,4=0.000000
P 6.7318793 1.225338 5 P 0 0
P 6.8999069 0.90676 0 P 0 0 ;0=0,1=0
P 6.8999069 1.0639245 0 P 0 0 ;0=0,1=0
S P 0
OB 6.2250687 1.824741 I
OS 6.2323526 1.8217882
OS 6.2325942 1.8221105
OS 6.2548659 1.8016178
OS 6.2972325 1.7583861
OS 6.337309 1.7130232
OS 6.3749884 1.6656505
OS 6.4101701 1.6163944
OS 6.44276 1.5653864
OS 6.4726713 1.5127629
OS 6.4998239 1.4586644
OS 6.5241453 1.4032353
OS 6.5455706 1.3466238
OS 6.5640426 1.2889809
OS 6.5795119 1.2304607
OS 6.5919373 1.1712195
OS 6.6012854 1.1114154
OS 6.6075314 1.0512082
OS 6.6106586 0.9907588
OS 6.6106587 0.9302285
OS 6.6075315 0.8697791
OS 6.6012855 0.8095719
OS 6.5919374 0.7497679
OS 6.5795121 0.6905266
OS 6.5640428 0.6320064
OS 6.5455708 0.5743635
OS 6.5241455 0.5177519
OS 6.4998241 0.4623229
OS 6.4726716 0.4082243
OS 6.4427604 0.3556008
OS 6.4101704 0.3045929
OS 6.3749888 0.2553367
OS 6.3373094 0.207964
OS 6.2972329 0.1626011
OS 6.2548664 0.1193693
OS 6.2325946 0.0988767
OS 6.2323527 0.0991985
OS 6.2323526 0.0991985
OS 6.2250687 0.0962457
OS 6.2096285 0.0932955
OS 6.1939095 0.0934143
OS 6.1785157 0.0965975
OS 6.1640387 0.1027226
OS 6.1510348 0.1115544
OS 6.1400038 0.1227534
OS 6.1313695 0.1358893
OS 6.1284167 0.1431733
OS 6.1284165 1.777813
OS 6.1284167 1.7778135
OS 6.1284167 1.7778134
OS 6.1313695 1.7850974
OS 6.1400038 1.7982333
OS 6.1510348 1.8094323
OS 6.1640387 1.8182641
OS 6.1785157 1.8243892
OS 6.1939095 1.8275724
OS 6.2096285 1.8276912
OS 6.2250687 1.824741
OE
OB 6.4921131 0.9370274 H
OS 6.4840205 0.935962
OS 6.4764793 0.9328383
OS 6.4700036 0.9278694
OS 6.4650347 0.9213937
OS 6.461911 0.9138525
OS 6.4608456 0.9057599
OS 6.461911 0.8976673
OS 6.4650347 0.8901261
OS 6.4700036 0.8836504
OS 6.4764793 0.8786815
OS 6.4840205 0.8755578
OS 6.4921131 0.8744924
OS 6.5002057 0.8755578
OS 6.5077469 0.8786815
OS 6.5142226 0.8836504
OS 6.5191915 0.8901261
OS 6.5223152 0.8976673
OS 6.5233806 0.9057599
OS 6.5223152 0.9138525
OS 6.5191915 0.9213937
OS 6.5142226 0.9278694
OS 6.5077469 0.9328383
OS 6.5002057 0.935962
OS 6.4921131 0.9370274
OE
OB 6.5653414 0.9370274 H
OS 6.5572488 0.935962
OS 6.5497077 0.9328383
OS 6.5432319 0.9278694
OS 6.538263 0.9213937
OS 6.5351393 0.9138525
OS 6.5340739 0.9057599
OS 6.5351393 0.8976673
OS 6.538263 0.8901261
OS 6.5432319 0.8836504
OS 6.5497077 0.8786815
OS 6.5572488 0.8755578
OS 6.5653414 0.8744924
OS 6.573434 0.8755578
OS 6.5809751 0.8786815
OS 6.5874509 0.8836504
OS 6.5924198 0.8901261
OS 6.5955435 0.8976673
OS 6.5966089 0.9057599
OS 6.5955435 0.9138525
OS 6.5924198 0.9213937
OS 6.5874509 0.9278694
OS 6.5809751 0.9328383
OS 6.573434 0.935962
OS 6.5653414 0.9370274
OE
SE
P 0.3290557 0.9917327 7 P 0 0 ;0=3,1=1
P 0.3290557 1.2751972 7 P 0 0 ;0=3,1=1
P 0.3290558 1.1807091 7 P 0 0 ;0=3,1=1
P 0.3290558 1.3696857 7 P 0 0 ;0=3,1=1
P 0.3290558 1.6531501 7 P 0 0 ;0=3,1=1
P 0.3290558 1.7476383 7 P 0 0 ;0=3,1=1
P 0.3290559 1.5586618 7 P 0 0 ;0=3,1=1
P 0.329056 1.0862207 7 P 0 0 ;0=3,1=1
P 0.329056 1.4641737 7 P 0 0 ;0=3,1=1
P 0.3644887 1.2751972 7 P 0 0 ;0=3,1=1
P 0.3644888 1.1807091 7 P 0 0 ;0=3,1=1
P 0.3644888 1.3696857 7 P 0 0 ;0=3,1=1
P 0.3644888 1.6531501 7 P 0 0 ;0=3,1=1
P 0.3644888 1.7476383 7 P 0 0 ;0=3,1=1
P 0.3644889 1.5586618 7 P 0 0 ;0=3,1=1
P 0.364489 1.0862207 7 P 0 0 ;0=3,1=1
P 0.364489 1.4641737 7 P 0 0 ;0=3,1=1
P 0.3999218 1.2751972 7 P 0 0 ;0=3,1=1
P 0.3999219 1.1807091 7 P 0 0 ;0=3,1=1
P 0.3999219 1.3696857 7 P 0 0 ;0=3,1=1
P 0.3999219 1.6531501 7 P 0 0 ;0=3,1=1
P 0.3999219 1.7476383 7 P 0 0 ;0=3,1=1
P 0.399922 1.5586618 7 P 0 0 ;0=3,1=1
P 0.3999221 1.0862207 7 P 0 0 ;0=3,1=1
P 0.3999221 1.4641737 7 P 0 0 ;0=3,1=1
P 0.4353549 1.2751972 7 P 0 0 ;0=3,1=1
P 0.435355 1.1807091 7 P 0 0 ;0=3,1=1
P 0.435355 1.3696857 7 P 0 0 ;0=3,1=1
P 0.435355 1.6531501 7 P 0 0 ;0=3,1=1
P 0.435355 1.7476383 7 P 0 0 ;0=3,1=1
P 0.4353551 1.5586618 7 P 0 0 ;0=3,1=1
P 0.4353552 1.0862207 7 P 0 0 ;0=3,1=1
P 0.4353552 1.4641737 7 P 0 0 ;0=3,1=1
P 0.5062424 0.1928041 7 P 0 0 ;0=3,1=1
P 1.0150399 0.129528 7 P 0 0 ;0=3,1=1
P 1.0150399 0.4129925 7 P 0 0 ;0=3,1=1
P 1.01504 0.3185044 7 P 0 0 ;0=3,1=1
P 1.01504 0.507481 7 P 0 0 ;0=3,1=1
P 1.01504 0.7909454 7 P 0 0 ;0=3,1=1
P 1.0150401 0.6964571 7 P 0 0 ;0=3,1=1
P 1.0150402 0.224016 7 P 0 0 ;0=3,1=1
P 1.0150402 0.601969 7 P 0 0 ;0=3,1=1
P 1.0462997 1.9080373 7 P 0 0 ;0=3,1=1
P 1.0504729 0.129528 7 P 0 0 ;0=3,1=1
P 1.0504729 0.4129925 7 P 0 0 ;0=3,1=1
P 1.050473 0.3185044 7 P 0 0 ;0=3,1=1
P 1.050473 0.507481 7 P 0 0 ;0=3,1=1
P 1.050473 0.7909454 7 P 0 0 ;0=3,1=1
P 1.0504731 0.6964571 7 P 0 0 ;0=3,1=1
P 1.0504732 0.224016 7 P 0 0 ;0=3,1=1
P 1.0504732 0.601969 7 P 0 0 ;0=3,1=1
P 1.085906 0.129528 7 P 0 0 ;0=3,1=1
P 1.085906 0.4129925 7 P 0 0 ;0=3,1=1
P 1.0859061 0.3185044 7 P 0 0 ;0=3,1=1
P 1.0859061 0.507481 7 P 0 0 ;0=3,1=1
P 1.0859061 0.7909454 7 P 0 0 ;0=3,1=1
P 1.0859062 0.6964571 7 P 0 0 ;0=3,1=1
P 1.0859063 0.224016 7 P 0 0 ;0=3,1=1
P 1.0859063 0.601969 7 P 0 0 ;0=3,1=1
P 1.1213391 0.129528 7 P 0 0 ;0=3,1=1
P 1.1213391 0.4129925 7 P 0 0 ;0=3,1=1
P 1.1213392 0.3185044 7 P 0 0 ;0=3,1=1
P 1.1213392 0.507481 7 P 0 0 ;0=3,1=1
P 1.1213392 0.7909454 7 P 0 0 ;0=3,1=1
P 1.1213392 0.8854337 7 P 0 0 ;0=3,1=1
P 1.1213393 0.6964571 7 P 0 0 ;0=3,1=1
P 1.1213394 0.224016 7 P 0 0 ;0=3,1=1
P 1.1213394 0.601969 7 P 0 0 ;0=3,1=1
P 6.7511155 1.2580586 6 P 0 0 ;0=2,1=1
P 6.8422743 1.1807091 6 P 0 0 ;0=2,1=1
P 6.8422743 1.2580586 6 P 0 0 ;0=2,1=1
P 6.8999069 0.90676 6 P 0 0 ;0=2,1=1
P 6.8999069 1.0639245 6 P 0 0 ;0=2,1=1
