#Layer_Physical_Order=5
#Layer_Color=16440176
#
#Feature symbol names
#
$0 s70
$1 r12
$2 r6
$3 r6.01
$4 r10
$5 rect356.2504x172.5418
$6 r50
$7 r20

#
#Feature attribute names
#
@0 .geometry
@1 .pad_usage
@2 .nomenclature
@3 .string
@4 .string_angle

#
#Feature attribute text strings
#
&0 
&1 Mid Layer 2
&2 VIA_RoundD50.0000H30.0000C70.0000
&3 VIA_RoundD20.0000H10.0000C50.0000

#
#Layer features
#
L 0.5071178 0.1433679 0.5310211 0.1672712 2 P 0
L 0.5310211 0.1672712 0.5311149 0.1671774 2 P 0
L 0.5311149 0.1671774 0.8695974 0.1671774 2 P 0
L 0.5514967 1.4523627 0.6223628 1.5232288 2 P 0
L 0.5514967 1.5468508 0.6223628 1.6177169 2 P 0
L 0.5514968 1.07441 0.6223629 1.1452761 2 P 0
L 0.5514968 1.1688982 0.6223629 1.2397643 2 P 0
L 0.5514968 1.2633864 0.6223629 1.3342525 2 P 0
L 0.5514968 1.3578744 0.6223629 1.4287405 2 P 0
L 0.5514968 1.7358273 0.6223629 1.8066934 2 P 0
L 0.5514969 0.9799218 0.622363 1.0507879 2 P 0
L 0.5514969 1.6413391 0.622363 1.7122052 2 P 0
L 0.5869297 1.4523627 0.6341738 1.4996068 2 P 0
L 0.5869297 1.5468508 0.6341738 1.5940949 2 P 0
L 0.5869298 1.07441 0.6341739 1.1216541 2 P 0
L 0.5869298 1.1688982 0.6341739 1.2161423 2 P 0
L 0.5869298 1.2633864 0.6341739 1.3106305 2 P 0
L 0.5869298 1.3578744 0.6341739 1.4051185 2 P 0
L 0.5869298 1.7358273 0.6341739 1.7830714 2 P 0
L 0.5869299 1.6413391 0.634174 1.6885832 2 P 0
L 0.6223628 1.4523627 0.6499218 1.4799217 2 P 0
L 0.6223628 1.5232288 0.8630492 1.5232288 2 P 0
L 0.6223628 1.5468508 0.6499218 1.5744098 2 P 0
L 0.6223628 1.6177169 0.8630492 1.6177169 2 P 0
L 0.6223629 1.07441 0.6499219 1.101969 2 P 0
L 0.6223629 1.1452761 0.8630493 1.1452761 2 P 0
L 0.6223629 1.1688982 0.6499219 1.1964572 2 P 0
L 0.6223629 1.2397643 0.8630493 1.2397643 2 P 0
L 0.6223629 1.2633864 0.6499219 1.2909454 2 P 0
L 0.6223629 1.3342525 0.8630493 1.3342525 2 P 0
L 0.6223629 1.3578744 0.6499219 1.3854334 2 P 0
L 0.6223629 1.4287405 0.8630493 1.4287405 2 P 0
L 0.6223629 1.7358273 0.6499219 1.7633863 2 P 0
L 0.6223629 1.8066934 0.8630493 1.8066934 2 P 0
L 0.622363 1.0507879 0.8630494 1.0507879 2 P 0
L 0.622363 1.6413391 0.649922 1.6688981 2 P 0
L 0.622363 1.7122052 0.8630494 1.7122052 2 P 0
L 0.6341738 1.4996068 0.8702769 1.4996068 2 P 0
L 0.6341738 1.5940949 0.8702769 1.5940949 2 P 0
L 0.6341739 1.1216541 0.870277 1.1216541 2 P 0
L 0.6341739 1.2161423 0.870277 1.2161423 2 P 0
L 0.6341739 1.3106305 0.870277 1.3106305 2 P 0
L 0.6341739 1.4051185 0.870277 1.4051185 2 P 0
L 0.6341739 1.7830714 0.870277 1.7830714 2 P 0
L 0.634174 1.6885832 0.8702771 1.6885832 2 P 0
L 0.6499218 1.4799217 0.8847072 1.4799217 2 P 0
L 0.6499218 1.5744098 0.8847072 1.5744098 2 P 0
L 0.6499219 1.101969 0.8847073 1.101969 2 P 0
L 0.6499219 1.1964572 0.8847073 1.1964572 2 P 0
L 0.6499219 1.2909454 0.8847073 1.2909454 2 P 0
L 0.6499219 1.3854334 0.8847073 1.3854334 2 P 0
L 0.6499219 1.7633863 0.8847073 1.7633863 2 P 0
L 0.649922 1.6688981 0.8847074 1.6688981 2 P 0
L 0.6577959 1.4523627 0.6696069 1.4641737 2 P 0
L 0.6577959 1.5468508 0.6696069 1.5586618 2 P 0
L 0.657796 1.07441 0.669607 1.086221 2 P 0
L 0.657796 1.1688982 0.669607 1.1807092 2 P 0
L 0.657796 1.2633864 0.669607 1.2751974 2 P 0
L 0.657796 1.3578744 0.669607 1.3696854 2 P 0
L 0.657796 1.7358273 0.669607 1.7476383 2 P 0
L 0.6577961 1.6413391 0.6696071 1.6531501 2 P 0
L 0.6696069 1.4641737 1.2940002 1.4641737 2 P 0
L 0.6696069 1.5586618 1.3126485 1.5586618 2 P 0
L 0.669607 1.086221 1.2090565 1.086221 2 P 0
L 0.669607 1.1807092 1.2325451 1.1807092 2 P 0
L 0.669607 1.2751974 1.2567029 1.2751974 2 P 0
L 0.669607 1.3696854 1.2753514 1.3696854 2 P 0
L 0.669607 1.7476383 1.349946 1.7476383 2 P 0
L 0.6696071 1.6531501 1.3312974 1.6531501 2 P 0
L 0.8630492 1.5232288 0.8748601 1.5350397 2 P 0
L 0.8630492 1.6177169 0.8748601 1.6295278 2 P 0
L 0.8630493 1.1452761 0.8748602 1.157087 2 P 0
L 0.8630493 1.2397643 0.8748602 1.2515752 2 P 0
L 0.8630493 1.3342525 0.8748602 1.3460634 2 P 0
L 0.8630493 1.4287405 0.8748602 1.4405514 2 P 0
L 0.8630493 1.8066934 0.8748602 1.8185043 2 P 0
L 0.8630494 1.0507879 0.8748603 1.0625988 2 P 0
L 0.8630494 1.7122052 0.8748603 1.7240161 2 P 0
L 0.8695974 0.1671774 0.9501395 0.0866353 2 P 0
L 0.8702769 1.4996068 0.8820879 1.5114178 2 P 0
L 0.8702769 1.5940949 0.8820879 1.6059059 2 P 0
L 0.870277 1.1216541 0.882088 1.1334651 2 P 0
L 0.870277 1.2161423 0.882088 1.2279533 2 P 0
L 0.870277 1.3106305 0.882088 1.3224415 2 P 0
L 0.870277 1.4051185 0.882088 1.4169295 2 P 0
L 0.870277 1.7830714 0.882088 1.7948824 2 P 0
L 0.8702771 1.6885832 0.8820881 1.7003942 2 P 0
L 0.8748601 1.5350397 1.3079864 1.5350397 2 P 0
L 0.8748601 1.6295278 1.3266351 1.6295278 2 P 0
L 0.8748602 1.157087 1.2279489 1.157087 2 P 0
L 0.8748602 1.2515752 1.2520405 1.2515752 2 P 0
L 0.8748602 1.3460634 1.2706891 1.3460634 2 P 0
L 0.8748602 1.4405514 1.2893377 1.4405514 2 P 0
L 0.8748602 1.8185043 1.3639322 1.8185043 2 P 0
L 0.8748603 1.0625988 1.2008581 1.0625988 2 P 0
L 0.8748603 1.7240161 1.3452836 1.7240161 2 P 0
L 0.8820879 1.5114178 1.3033247 1.5114178 2 P 0
L 0.8820879 1.6059059 1.3219729 1.6059059 2 P 0
L 0.882088 1.1334651 1.2197502 1.1334651 2 P 0
L 0.882088 1.2279533 1.247067 1.2279533 2 P 0
L 0.882088 1.3224415 1.2660272 1.3224415 2 P 0
L 0.882088 1.4169295 1.2846756 1.4169295 2 P 0
L 0.882088 1.7948824 1.3592703 1.7948824 2 P 0
L 0.8820881 1.7003942 1.3406217 1.7003942 2 P 0
L 0.8847072 1.4799217 0.8925812 1.4877957 2 P 0
L 0.8847072 1.5744098 0.8925812 1.5822838 2 P 0
L 0.8847073 1.101969 0.8925813 1.109843 2 P 0
L 0.8847073 1.1964572 0.8925813 1.2043312 2 P 0
L 0.8847073 1.2909454 0.8925813 1.2988194 2 P 0
L 0.8847073 1.3854334 0.8925813 1.3933074 2 P 0
L 0.8847073 1.7633863 0.8925813 1.7712603 2 P 0
L 0.8847074 1.6688981 0.8925814 1.6767721 2 P 0
L 0.8925812 1.4877957 1.2986621 1.4877957 2 P 0
L 0.8925812 1.5822838 1.3173107 1.5822838 2 P 0
L 0.8925813 1.109843 1.2139532 1.109843 2 P 0
L 0.8925813 1.2043312 1.2430371 1.2043312 2 P 0
L 0.8925813 1.2988194 1.2613653 1.2988194 2 P 0
L 0.8925813 1.3933074 1.2800135 1.3933074 2 P 0
L 0.8925813 1.7712603 1.3546082 1.7712603 2 P 0
L 0.8925814 1.6767721 1.3359596 1.6767721 2 P 0
L 0.9501395 0.0866353 1.793475 0.0866353 2 P 0
L 1.0471751 1.8586011 1.0710784 1.8825044 2 P 0
L 1.0710784 1.8825044 1.6148741 1.8825044 2 P 0
L 1.2008581 1.0625988 1.2238951 1.0395618 2 P 0
L 1.2090565 1.086221 1.2326787 1.0625988 2 P 0
L 1.2139532 1.109843 1.2376565 1.0861397 2 P 0
L 1.2197502 1.1334651 1.2433723 1.109843 2 P 0
L 1.2241332 1.0389769 1.4048038 1.0389769 2 P 0
L 1.2279489 1.157087 1.2515708 1.1334651 2 P 0
L 1.2323299 1.062599 1.4941619 1.062599 2 P 0
L 1.2325451 1.1807092 1.2561673 1.157087 2 P 0
L 1.237481 0.590158 1.3083471 0.6610241 2 P 0
L 1.237481 0.6846461 1.3083471 0.7555122 2 P 0
L 1.2374811 0.2122053 1.3083472 0.2830714 2 P 0
L 1.2374811 0.3066935 1.3083472 0.3775596 2 P 0
L 1.2374811 0.4011817 1.3083472 0.4720478 2 P 0
L 1.2374811 0.4956697 1.3083472 0.5665358 2 P 0
L 1.2374812 0.1177171 1.3083473 0.1885832 2 P 0
L 1.2374812 0.7791344 1.3083473 0.8500005 2 P 0
L 1.2374965 1.086221 1.4048038 1.086221 2 P 0
L 1.2430371 1.2043312 1.2584701 1.1888982 2 P 0
L 1.243168 1.1098431 1.4048038 1.1098431 2 P 0
L 1.247067 1.2279533 1.2661221 1.2088982 2 P 0
L 1.2512768 1.1334651 1.4048038 1.1334651 2 P 0
L 1.2520405 1.2515752 1.2520405 1.2515753 2 P 0
L 1.2520405 1.2515753 1.2749382 1.2286776 2 P 0
L 1.2559389 1.1570872 1.4048038 1.1570872 2 P 0
L 1.2567027 1.2751973 1.2832224 1.2486776 2 P 0
L 1.2567028 1.2751973 1.2567029 1.2751974 2 P 0
L 1.2583698 1.1886776 1.4783408 1.1886776 2 P 0
L 1.261365 1.2988192 1.290583 1.2696012 2 P 0
L 1.2613651 1.2988192 1.2613653 1.2988194 2 P 0
L 1.266027 1.3224414 1.2988672 1.2896012 2 P 0
L 1.2660271 1.3224414 1.2660272 1.3224415 2 P 0
L 1.266654 1.2086776 1.4700566 1.2086776 2 P 0
L 1.2706891 1.3460634 1.2706891 1.3460635 2 P 0
L 1.2706891 1.3460635 1.3071514 1.3096012 2 P 0
L 1.272914 0.590158 1.3201581 0.6374021 2 P 0
L 1.272914 0.6846461 1.3201581 0.7318902 2 P 0
L 1.2729141 0.2122053 1.3201582 0.2594494 2 P 0
L 1.2729141 0.3066935 1.3201582 0.3539376 2 P 0
L 1.2729141 0.4011817 1.3201582 0.4484258 2 P 0
L 1.2729141 0.4956697 1.3201582 0.5429138 2 P 0
L 1.2729142 0.1177171 1.3201583 0.1649612 2 P 0
L 1.2729142 0.7791344 1.3201583 0.8263785 2 P 0
L 1.2749382 1.2286776 1.4617724 1.2286776 2 P 0
L 1.2753514 1.3696854 1.3154356 1.3296012 2 P 0
L 1.2800135 1.3933074 1.2800135 1.3933075 2 P 0
L 1.2800135 1.3933075 1.3237198 1.3496012 2 P 0
L 1.2832224 1.2486776 1.4534882 1.2486776 2 P 0
L 1.2846756 1.4169295 1.2846756 1.4169296 2 P 0
L 1.2846756 1.4169296 1.332004 1.3696012 2 P 0
L 1.2893377 1.4405514 1.2893378 1.4405515 2 P 0
L 1.2893378 1.4405516 1.3402882 1.3896012 2 P 0
L 1.290583 1.2696012 1.9787725 1.2696012 2 P 0
L 1.294 1.4641736 1.3485724 1.4096012 2 P 0
L 1.2940001 1.4641736 1.2940002 1.4641737 2 P 0
L 1.2986621 1.4877957 1.3568566 1.4296012 2 P 0
L 1.2988672 1.2896012 1.9787725 1.2896012 2 P 0
L 1.3033244 1.5114176 1.3651408 1.4496012 2 P 0
L 1.3033245 1.5114176 1.3033247 1.5114178 2 P 0
L 1.3071514 1.3096012 1.9787725 1.3096012 2 P 0
L 1.3079864 1.5350397 1.3079864 1.5350398 2 P 0
L 1.3079864 1.5350398 1.373425 1.4696012 2 P 0
L 1.3083471 0.590158 1.3359061 0.617717 2 P 0
L 1.3083471 0.6610241 1.5490335 0.6610241 2 P 0
L 1.3083471 0.6846461 1.3359061 0.7122051 2 P 0
L 1.3083471 0.7555122 1.5490335 0.7555122 2 P 0
L 1.3083472 0.2122053 1.3359062 0.2397643 2 P 0
L 1.3083472 0.2830714 1.5490336 0.2830714 2 P 0
L 1.3083472 0.3066935 1.3359062 0.3342525 2 P 0
L 1.3083472 0.3775596 1.5490336 0.3775596 2 P 0
L 1.3083472 0.4011817 1.3359062 0.4287407 2 P 0
L 1.3083472 0.4720478 1.5490336 0.4720478 2 P 0
L 1.3083472 0.4956697 1.3359062 0.5232287 2 P 0
L 1.3083472 0.5665358 1.5490336 0.5665358 2 P 0
L 1.3083473 0.1177171 1.3359063 0.1452761 2 P 0
L 1.3083473 0.1885832 1.5490337 0.1885832 2 P 0
L 1.3083473 0.7791344 1.3359063 0.8066934 2 P 0
L 1.3083473 0.8500005 1.5490337 0.8500005 2 P 0
L 1.3126485 1.5586618 1.3126485 1.5586619 2 P 0
L 1.3126485 1.5586619 1.3817092 1.4896012 2 P 0
L 1.3154356 1.3296012 1.9787725 1.3296012 2 P 0
L 1.3173107 1.5822838 1.3173107 1.5822839 2 P 0
L 1.3173107 1.5822839 1.3899934 1.5096012 2 P 0
L 1.3201581 0.6374021 1.5562612 0.6374021 2 P 0
L 1.3201581 0.7318902 1.5562612 0.7318902 2 P 0
L 1.3201582 0.2594494 1.5562613 0.2594494 2 P 0
L 1.3201582 0.3539376 1.5562613 0.3539376 2 P 0
L 1.3201582 0.4484258 1.5562613 0.4484258 2 P 0
L 1.3201582 0.5429138 1.5562613 0.5429138 2 P 0
L 1.3201583 0.1649612 1.5562614 0.1649612 2 P 0
L 1.3201583 0.8263785 1.5562614 0.8263785 2 P 0
L 1.3219729 1.6059059 1.3982776 1.5296012 2 P 0
L 1.3237198 1.3496012 1.9787725 1.3496012 2 P 0
L 1.3266351 1.6295278 1.3266351 1.6295279 2 P 0
L 1.3266351 1.6295279 1.4065618 1.5496012 2 P 0
L 1.3312972 1.65315 1.414846 1.5696012 2 P 0
L 1.3312973 1.65315 1.3312974 1.6531501 2 P 0
L 1.332004 1.3696012 1.9787725 1.3696012 2 P 0
L 1.3359061 0.617717 1.5706915 0.617717 2 P 0
L 1.3359061 0.7122051 1.5706915 0.7122051 2 P 0
L 1.3359062 0.2397643 1.5706916 0.2397643 2 P 0
L 1.3359062 0.3342525 1.5706916 0.3342525 2 P 0
L 1.3359062 0.4287407 1.5706916 0.4287407 2 P 0
L 1.3359062 0.5232287 1.5706916 0.5232287 2 P 0
L 1.3359063 0.1452761 1.5706917 0.1452761 2 P 0
L 1.3359063 0.8066934 1.5706917 0.8066934 2 P 0
L 1.3359594 1.676772 1.4231302 1.5896012 2 P 0
L 1.3359595 1.676772 1.3359596 1.6767721 2 P 0
L 1.3402882 1.3896012 1.9787725 1.3896012 2 P 0
L 1.3406215 1.7003941 1.4314144 1.6096012 2 P 0
L 1.3406216 1.7003941 1.3406217 1.7003942 2 P 0
L 1.3437802 0.590158 1.3555912 0.601969 2 P 0
L 1.3437802 0.6846461 1.3555912 0.6964571 2 P 0
L 1.3437803 0.2122053 1.3555913 0.2240163 2 P 0
L 1.3437803 0.3066935 1.3555913 0.3185045 2 P 0
L 1.3437803 0.4011817 1.3555913 0.4129927 2 P 0
L 1.3437803 0.4956697 1.3555913 0.5074807 2 P 0
L 1.3437804 0.1177171 1.3555914 0.1295281 2 P 0
L 1.3437804 0.7791344 1.3555914 0.7909454 2 P 0
L 1.3437804 0.8736226 1.3555914 0.8854336 2 P 0
L 1.3452836 1.7240161 1.3452836 1.7240162 2 P 0
L 1.3452836 1.7240162 1.4396986 1.6296012 2 P 0
L 1.3485724 1.4096012 1.9787725 1.4096012 2 P 0
L 1.3499458 1.7476382 1.3499459 1.7476382 2 P 0
L 1.3499458 1.7476382 1.4479828 1.6496012 2 P 0
L 1.3499459 1.7476382 1.349946 1.7476383 2 P 0
L 1.354608 1.7712602 1.456267 1.6696012 2 P 0
L 1.3546081 1.7712602 1.3546082 1.7712603 2 P 0
L 1.3555912 0.601969 1.6272446 0.601969 2 P 0
L 1.3555912 0.6964571 1.6272446 0.6964571 2 P 0
L 1.3555913 0.2240163 1.6272447 0.2240163 2 P 0
L 1.3555913 0.3185045 1.6272447 0.3185045 2 P 0
L 1.3555913 0.4129927 1.6272447 0.4129927 2 P 0
L 1.3555913 0.5074807 1.6272447 0.5074807 2 P 0
L 1.3555914 0.1295281 1.8080836 0.1295281 2 P 0
L 1.3555914 0.7909454 1.6775433 0.7909454 2 P 0
L 1.3555914 0.8854336 1.6588947 0.8854336 2 P 0
L 1.3568566 1.4296012 1.9787725 1.4296012 2 P 0
L 1.3592701 1.7948823 1.4645512 1.6896012 2 P 0
L 1.3592702 1.7948823 1.3592703 1.7948824 2 P 0
L 1.3639322 1.8185043 1.3639322 1.8185044 2 P 0
L 1.3639322 1.8185044 1.4728354 1.7096012 2 P 0
L 1.3651408 1.4496012 1.9787725 1.4496012 2 P 0
L 1.373425 1.4696012 1.9787725 1.4696012 2 P 0
L 1.3817092 1.4896012 1.9787725 1.4896012 2 P 0
L 1.3899934 1.5096012 1.9787725 1.5096012 2 P 0
L 1.3982776 1.5296012 1.9787725 1.5296012 2 P 0
L 1.4048038 1.038977 1.5008108 1.038977 2 P 0
L 1.4048038 1.0862211 1.4894998 1.0862211 2 P 0
L 1.4048038 1.1334652 1.4797951 1.1334652 2 P 0
L 1.4048038 1.1570873 1.4750347 1.1570873 2 P 0
L 1.4048039 1.1098432 1.4848377 1.1098432 2 P 0
L 1.4065618 1.5496012 1.9787725 1.5496012 2 P 0
L 1.414846 1.5696012 1.9787725 1.5696012 2 P 0
L 1.4231302 1.5896012 1.9787725 1.5896012 2 P 0
L 1.4314144 1.6096012 1.9787725 1.6096012 2 P 0
L 1.4396986 1.6296012 1.9787725 1.6296012 2 P 0
L 1.4479828 1.6496012 1.9787725 1.6496012 2 P 0
L 1.4534882 1.2486776 1.4537088 1.2488982 2 P 0
L 1.4537088 1.2488982 1.6603816 1.2488982 2 P 0
L 1.456267 1.6696012 1.9787725 1.6696012 2 P 0
L 1.461993 1.2288982 1.6520974 1.2288982 2 P 0
L 1.4645512 1.6896012 1.9787725 1.6896012 2 P 0
L 1.4700566 1.2086776 1.4702772 1.2088982 2 P 0
L 1.4702772 1.2088982 1.6438132 1.2088982 2 P 0
L 1.4728354 1.7096012 1.9787725 1.7096012 2 P 0
L 1.4750347 1.1570873 1.4856101 1.1676627 2 P 0
L 1.4783408 1.1886776 1.4785614 1.1888982 2 P 0
L 1.4785614 1.1888982 1.635529 1.1888982 2 P 0
L 1.4797951 1.1334652 1.491606 1.1452761 2 P 0
L 1.4848377 1.1098432 1.4966486 1.1216541 2 P 0
L 1.4856101 1.1676627 1.6260093 1.1676627 2 P 0
L 1.4894998 1.0862211 1.5013107 1.098032 2 P 0
L 1.491606 1.1452761 1.7227917 1.1452761 2 P 0
L 1.4941619 1.062599 1.5059728 1.0744099 2 P 0
L 1.4966486 1.1216541 1.7094751 1.1216541 2 P 0
L 1.5008108 1.038977 1.5126217 1.0507879 2 P 0
L 1.5013107 1.098032 1.6957965 1.098032 2 P 0
L 1.5059728 1.0744099 1.6868257 1.0744099 2 P 0
L 1.5126217 1.0507879 1.6807519 1.0507879 2 P 0
L 1.5490335 0.6610241 1.5608444 0.672835 2 P 0
L 1.5490335 0.7555122 1.5608444 0.7673231 2 P 0
L 1.5490336 0.2830714 1.5608445 0.2948823 2 P 0
L 1.5490336 0.3775596 1.5608445 0.3893705 2 P 0
L 1.5490336 0.4720478 1.5608445 0.4838587 2 P 0
L 1.5490336 0.5665358 1.5608445 0.5783467 2 P 0
L 1.5490337 0.1885832 1.5608446 0.2003941 2 P 0
L 1.5490337 0.8500005 1.5608446 0.8618114 2 P 0
L 1.5562612 0.6374021 1.5680722 0.6492131 2 P 0
L 1.5562612 0.7318902 1.5680722 0.7437012 2 P 0
L 1.5562613 0.2594494 1.5680723 0.2712604 2 P 0
L 1.5562613 0.3539376 1.5680723 0.3657486 2 P 0
L 1.5562613 0.4484258 1.5680723 0.4602368 2 P 0
L 1.5562613 0.5429138 1.5680723 0.5547248 2 P 0
L 1.5562614 0.1649612 1.5680724 0.1767722 2 P 0
L 1.5562614 0.8263785 1.5680724 0.8381895 2 P 0
L 1.5608444 0.672835 1.6272446 0.672835 2 P 0
L 1.5608444 0.7673231 1.6272446 0.7673231 2 P 0
L 1.5608445 0.2948823 1.6272447 0.2948823 2 P 0
L 1.5608445 0.3893705 1.6272447 0.3893705 2 P 0
L 1.5608445 0.4838587 1.6272447 0.4838587 2 P 0
L 1.5608445 0.5783467 1.6272447 0.5783467 2 P 0
L 1.5608446 0.2003941 1.794097 0.2003941 2 P 0
L 1.5608446 0.8618114 1.6272448 0.8618114 2 P 0
L 1.5680722 0.6492131 1.6272446 0.6492131 2 P 0
L 1.5680722 0.7437012 1.6272446 0.7437012 2 P 0
L 1.5680723 0.2712604 1.6272447 0.2712604 2 P 0
L 1.5680723 0.3657486 1.6272447 0.3657486 2 P 0
L 1.5680723 0.4602368 1.6272447 0.4602368 2 P 0
L 1.5680723 0.5547248 1.6272447 0.5547248 2 P 0
L 1.5680724 0.1767722 1.7987593 0.1767722 2 P 0
L 1.5680724 0.8381895 1.668219 0.8381895 2 P 0
L 1.5706915 0.617717 1.5785655 0.625591 2 P 0
L 1.5706915 0.7122051 1.5785655 0.7200791 2 P 0
L 1.5706916 0.2397643 1.5785656 0.2476383 2 P 0
L 1.5706916 0.3342525 1.5785656 0.3421265 2 P 0
L 1.5706916 0.4287407 1.5785656 0.4366147 2 P 0
L 1.5706916 0.5232287 1.5785656 0.5311027 2 P 0
L 1.5706917 0.1452761 1.5785657 0.1531501 2 P 0
L 1.5706917 0.8066934 1.5785657 0.8145674 2 P 0
L 1.5785655 0.625591 1.6272446 0.625591 2 P 0
L 1.5785655 0.7200791 1.6272446 0.7200791 2 P 0
L 1.5785656 0.2476383 1.6272447 0.2476383 2 P 0
L 1.5785656 0.3421265 1.6272447 0.3421265 2 P 0
L 1.5785656 0.4366147 1.6272447 0.4366147 2 P 0
L 1.5785656 0.5311027 1.6272447 0.5311027 2 P 0
L 1.5785657 0.1531501 1.8034214 0.1531501 2 P 0
L 1.5785657 0.8145674 1.6272448 0.8145674 2 P 0
L 1.6148741 1.8825044 1.7677773 1.7296012 2 P 0
L 1.6260094 1.1676245 1.7417459 1.1678546 2 P 0
L 1.6272448 0.2240163 1.789435 0.2240163 2 P 0
L 1.6272448 0.2712604 1.7801107 0.2712604 2 P 0
L 1.6272448 0.2948823 1.7754484 0.2948823 2 P 0
L 1.6272448 0.3185045 1.7707864 0.3185045 2 P 0
L 1.6272448 0.3657486 1.7614621 0.3657486 2 P 0
L 1.6272448 0.3893706 1.7567999 0.3893706 2 P 0
L 1.6272448 0.4366147 1.7474756 0.4366147 2 P 0
L 1.6272448 0.4602367 1.7428134 0.4602367 2 P 0
L 1.6272448 0.4838588 1.7381513 0.4838588 2 P 0
L 1.6272448 0.5311029 1.728827 0.5311029 2 P 0
L 1.6272448 0.578347 1.7188952 0.578347 2 P 0
L 1.6272448 0.6019691 1.7142331 0.6019691 2 P 0
L 1.6272448 0.6255911 1.7095709 0.6255911 2 P 0
L 1.6272448 0.6728352 1.7002466 0.6728352 2 P 0
L 1.6272448 0.6964573 1.6955845 0.6964573 2 P 0
L 1.6272448 0.7437013 1.6868676 0.7437013 2 P 0
L 1.6272448 0.7673233 1.6822054 0.7673233 2 P 0
L 1.6272449 0.2476383 1.7847728 0.2476383 2 P 0
L 1.6272449 0.3421265 1.7661242 0.3421265 2 P 0
L 1.6272449 0.4129927 1.7521378 0.4129927 2 P 0
L 1.6272449 0.5074809 1.7334892 0.5074809 2 P 0
L 1.6272449 0.5547249 1.7235573 0.5547249 2 P 0
L 1.6272449 0.6492131 1.7049087 0.6492131 2 P 0
L 1.6272449 0.7200793 1.6909223 0.7200793 2 P 0
L 1.6272449 0.8145675 1.6728812 0.8145675 2 P 0
L 1.6272449 0.8618115 1.6635568 0.8618115 2 P 0
L 1.6357496 1.1886776 1.7724673 1.1886776 2 P 0
L 1.6440338 1.2086776 1.7979181 1.2086776 2 P 0
L 1.652318 1.2286776 1.8233544 1.2286776 2 P 0
L 1.6588947 0.8854336 1.7445797 0.9711186 2 P 0
L 1.6606022 1.2486776 1.9787725 1.2486776 2 P 0
L 1.6635568 0.8618115 1.745108 0.9433627 2 P 0
L 1.668219 0.8381895 1.7031034 0.8730739 2 P 0
L 1.6728812 0.8145675 1.7172455 0.8589318 2 P 0
L 1.6775433 0.7909454 1.7313875 0.8447896 2 P 0
L 1.6807519 1.0507879 1.7326653 0.9988745 2 P 0
L 1.6822054 0.7673233 1.727812 0.8129299 2 P 0
L 1.6868257 1.0744099 1.7346052 1.0266304 2 P 0
L 1.6868676 0.7437013 1.7477495 0.8045832 2 P 0
L 1.6909223 0.7200793 1.6945443 0.7237013 2 P 0
L 1.6945443 0.7237013 1.6951518 0.7237013 2 P 0
L 1.6951518 0.7237013 1.7482778 0.7768273 2 P 0
L 1.6955845 0.6964573 1.7028285 0.7037013 2 P 0
L 1.6957965 1.098032 1.7394422 1.0543863 2 P 0
L 1.7002466 0.6728352 1.7111127 0.6837013 2 P 0
L 1.7028285 0.7037013 1.703436 0.7037013 2 P 0
L 1.7031034 0.8730739 1.7308633 0.9008338 3 P 0
L 1.703436 0.7037013 1.7488061 0.7490714 2 P 0
L 1.7049087 0.6492131 1.7193969 0.6637013 2 P 0
L 1.7094751 1.1216541 1.748987 1.0821422 2 P 0
L 1.7095709 0.6255911 1.7276811 0.6437013 2 P 0
L 1.7111127 0.6837013 1.7117202 0.6837013 2 P 0
L 1.7117202 0.6837013 1.7493344 0.7213155 2 P 0
L 1.7142331 0.6019691 1.7359653 0.6237013 2 P 0
L 1.7172455 0.8589318 1.7347381 0.8764244 3 P 0
L 1.7188952 0.578347 1.7442495 0.6037013 2 P 0
L 1.7193969 0.6637013 1.7200044 0.6637013 2 P 0
L 1.7200044 0.6637013 1.7541098 0.6978067 2 P 0
L 1.7227917 1.1452761 1.7581696 1.1098982 2 P 0
L 1.7235573 0.5547249 1.7525337 0.5837013 2 P 0
L 1.7276811 0.6437013 1.7282886 0.6437013 2 P 0
L 1.727812 0.8129299 1.7424877 0.8276056 3 P 0
L 1.7282886 0.6437013 1.762394 0.6778067 2 P 0
L 1.728827 0.5311029 1.7955308 0.5978067 2 P 0
L 1.7308633 0.9008338 2.126469 0.9008338 3 P 0
L 1.7313875 0.8447896 1.7386129 0.852015 3 P 0
L 1.7326653 0.9988745 1.9599374 0.9988745 3 P 0
L 1.7334892 0.5074809 1.803815 0.5778067 2 P 0
L 1.7346052 1.0266304 1.9622478 1.0266304 3 P 0
L 1.7347381 0.8764244 2.126469 0.8764244 3 P 0
L 1.7359653 0.6237013 1.7690034 0.6567394 3 P 0
L 1.7381513 0.4838588 1.8120992 0.5578067 2 P 0
L 1.7386129 0.852015 2.126469 0.852015 3 P 0
L 1.7394422 1.0543863 1.9616948 1.0543863 3 P 0
L 1.7417459 1.1678546 1.9341303 1.1678546 3 P 0
L 1.7424877 0.8276056 2.126469 0.8276056 3 P 0
L 1.7428134 0.4602367 1.8203834 0.5378067 2 P 0
L 1.7442495 0.6037013 1.7728782 0.63233 3 P 0
L 1.7445797 0.9711186 1.9640698 0.9711186 3 P 0
L 1.745108 0.9433627 1.9624734 0.9433627 3 P 0
L 1.7474756 0.4366147 1.8286676 0.5178067 2 P 0
L 1.7477495 0.8045832 2.1250818 0.8045832 3 P 0
L 1.7482778 0.7768273 1.7502371 0.7787866 3 P 0
L 1.7488061 0.7490714 1.7541119 0.7543772 3 P 0
L 1.748987 1.0821422 1.9654369 1.0821422 3 P 0
L 1.7493344 0.7213155 1.7579867 0.7299678 3 P 0
L 1.7502371 0.7787866 2.126469 0.7787866 3 P 0
L 1.7521378 0.4129927 1.8369518 0.4978067 2 P 0
L 1.7525337 0.5837013 1.7815169 0.6126845 3 P 0
L 1.7541098 0.6978067 1.7618613 0.7055582 3 P 0
L 1.7541119 0.7543772 2.126469 0.7543772 3 P 0
L 1.7567999 0.3893706 1.845236 0.4778067 2 P 0
L 1.7579867 0.7299678 2.126469 0.7299678 3 P 0
L 1.7581696 1.1098982 1.9634521 1.1098982 3 P 0
L 1.7614621 0.3657486 1.8535202 0.4578067 2 P 0
L 1.7618613 0.7055582 2.126469 0.7055582 3 P 0
L 1.762394 0.6778067 1.7657361 0.6811488 3 P 0
L 1.7657361 0.6811488 2.126469 0.6811488 3 P 0
L 1.7661242 0.3421265 1.8618044 0.4378067 2 P 0
L 1.7677773 1.7296012 2.0000251 1.7296012 3 P 0
L 1.7690034 0.6567394 2.2158737 0.6567394 2 P 0
L 1.7707864 0.3185045 1.8700886 0.4178067 2 P 0
L 1.7724673 1.1886776 1.9426578 1.1886776 3 P 0
L 1.7728782 0.63233 2.126469 0.63233 3 P 0
L 1.7754484 0.2948823 1.8783728 0.3978067 2 P 0
L 1.7801107 0.2712604 1.886657 0.3778067 2 P 0
L 1.7815169 0.6126845 2.121705 0.6126845 3 P 0
L 1.7847728 0.2476383 1.8949412 0.3578067 2 P 0
L 1.789435 0.2240163 1.9032254 0.3378067 2 P 0
L 1.793475 0.0866353 1.9299919 0.2231522 2 P 0
L 1.794097 0.2003941 1.9115096 0.3178067 2 P 0
L 1.7955308 0.5978067 2.0957006 0.5978067 3 P 0
L 1.7979181 1.2086776 1.9512924 1.2086776 3 P 0
L 1.7987593 0.1767722 1.9197938 0.2978067 2 P 0
L 1.8034214 0.1531501 1.928078 0.2778067 2 P 0
L 1.803815 0.5778067 2.090609 0.5778067 3 P 0
L 1.8080836 0.1295281 1.9363622 0.2578067 2 P 0
L 1.8120992 0.5578067 2.0859331 0.5578067 3 P 0
L 1.8203834 0.5378067 2.0801168 0.5378067 3 P 0
L 1.8233544 1.2286776 1.9627904 1.2286776 3 P 0
L 1.8286676 0.5178067 2.075914 0.5178067 3 P 0
L 1.8369518 0.4978067 2.0674086 0.4978067 3 P 0
L 1.845236 0.4778067 2.0632058 0.4778067 3 P 0
L 1.8535202 0.4578067 2.0568516 0.4578067 3 P 0
L 1.8618044 0.4378067 2.0521109 0.4378067 3 P 0
L 1.8700886 0.4178067 2.0500596 0.4178067 3 P 0
L 1.8783728 0.3978067 2.0453189 0.3978067 3 P 0
L 1.886657 0.3778067 2.0405783 0.3778067 3 P 0
L 1.8949412 0.3578067 2.0342241 0.3578067 3 P 0
L 1.9032254 0.3378067 2.0305592 0.3378067 3 P 0
L 1.9115096 0.3178067 2.0247429 0.3178067 3 P 0
L 1.9197938 0.2978067 2.0232294 0.2978067 3 P 0
L 1.928078 0.2778067 2.02064 0.2778067 3 P 0
L 1.9299919 0.2231522 2.026889 0.2231522 3 P 0
L 1.9341303 1.1678546 2.0058754 1.0961095 3 P 0
L 1.9363622 0.2578067 2.0158995 0.2578067 3 P 0
L 1.9426578 1.1886776 2.0108164 1.120519 3 P 0
L 1.9512924 1.2086776 2.0150416 1.1449284 3 P 0
L 1.9599374 0.9988745 1.9847497 0.9740622 3 P 0
L 1.9616948 1.0543863 1.9931999 1.0228812 3 P 0
L 1.9622478 1.0266304 1.9904066 0.9984716 3 P 0
L 1.9624734 0.9433627 1.9805927 0.9252434 3 P 0
L 1.9627904 1.2286776 2.0221301 1.1693379 3 P 0
L 1.9634521 1.1098982 2.0016502 1.0717001 3 P 0
L 1.9640698 0.9711186 1.9855356 0.9496528 3 P 0
L 1.9654369 1.0821422 2.0002885 1.0472906 3 P 0
L 1.9787725 1.2486776 2.0337028 1.1937473 3 P 0
L 1.9787725 1.2696012 1.995037 1.2696012 3 P 0
L 1.9787725 1.2896012 2.0116143 1.2896012 3 P 0
L 1.9787725 1.3096012 2.0225196 1.3096012 3 P 0
L 1.9787725 1.3296012 2.0388875 1.3296012 3 P 0
L 1.9787725 1.3496012 2.0463654 1.3496012 3 P 0
L 1.9787725 1.3696012 2.0603088 1.3696012 3 P 0
L 1.9787725 1.3896012 2.0746563 1.3896012 3 P 0
L 1.9787725 1.4096012 2.0833464 1.4096012 3 P 0
L 1.9787725 1.4296012 2.0972898 1.4296012 3 P 0
L 1.9787725 1.4496012 2.0999187 1.4496012 3 P 0
L 1.9787725 1.4696012 2.1061843 1.4696012 3 P 0
L 1.9787725 1.4896012 2.1051765 1.4896012 3 P 0
L 1.9787725 1.5096012 2.1250001 1.5096012 3 P 0
L 1.9787725 1.5296012 2.0739235 1.5296012 3 P 0
L 1.9787725 1.5496012 2.068466 1.5496012 3 P 0
L 1.9787725 1.5696012 2.0626044 1.5696012 3 P 0
L 1.9787725 1.5896012 2.0539142 1.5896012 3 P 0
L 1.9787725 1.6096012 2.0427995 1.6096012 3 P 0
L 1.9787725 1.6296012 2.0378292 1.6296012 3 P 0
L 1.9787725 1.6496012 2.0286935 1.6496012 3 P 0
L 1.9787725 1.6696012 2.0250698 1.6696012 3 P 0
L 1.9787725 1.6896012 2.017509 1.6896012 3 P 0
L 1.9787725 1.7096012 2.0083733 1.7096012 3 P 0
L 1.9805927 0.9252434 2.126469 0.9252434 3 P 0
L 1.9847497 0.9740622 2.126469 0.9740622 3 P 0
L 1.9855356 0.9496528 2.126469 0.9496528 3 P 0
L 1.9904066 0.9984716 2.126469 0.9984716 3 P 0
L 1.9931999 1.0228812 2.126469 1.0228812 3 P 0
L 1.995037 1.2696012 2.0464815 1.2181567 3 P 0
L 2.0000251 1.7296012 2.0499979 1.779574 3 P 0
L 2.0002885 1.0472906 2.126469 1.0472906 3 P 0
L 2.0016502 1.0717001 2.126469 1.0717001 3 P 0
L 2.0058754 1.0961095 2.126469 1.0961095 3 P 0
L 2.0083733 1.7096012 2.0539367 1.7551646 3 P 0
L 2.0108164 1.120519 2.126469 1.120519 3 P 0
L 2.0116143 1.2896012 2.0586494 1.2425661 3 P 0
L 2.0150416 1.1449284 2.126469 1.1449284 3 P 0
L 2.0158995 0.2578067 2.1051558 0.1685504 3 P 0
L 2.017509 1.6896012 2.0586629 1.7307551 3 P 0
L 2.02064 0.2778067 2.1054868 0.1929599 3 P 0
L 2.0221301 1.1693379 2.126469 1.1693379 3 P 0
L 2.0225196 1.3096012 2.0651452 1.2669756 3 P 0
L 2.0232294 0.2978067 2.1036668 0.2173693 3 P 0
L 2.0247429 0.3178067 2.1007708 0.2417788 3 P 0
L 2.0250698 1.6696012 2.0618143 1.7063457 3 P 0
L 2.026889 0.2231522 2.1059002 0.144141 3 P 0
L 2.0286935 1.6496012 2.0610285 1.6819362 3 P 0
L 2.0305592 0.3378067 2.1021777 0.2661882 3 P 0
L 2.0337028 1.1937473 2.126469 1.1937473 3 P 0
L 2.0342241 0.3578067 2.1014331 0.2905977 3 P 0
L 2.0378292 1.6296012 2.0657548 1.6575268 3 P 0
L 2.0388875 1.3296012 2.0771037 1.291385 3 P 0
L 2.0405783 0.3778067 2.1033779 0.3150071 3 P 0
L 2.0427995 1.6096012 2.0663156 1.6331173 3 P 0
L 2.0453189 0.3978067 2.103709 0.3394166 3 P 0
L 2.0463654 1.3496012 2.0801721 1.3157945 3 P 0
L 2.0464815 1.2181567 2.126469 1.2181567 3 P 0
L 2.0499979 1.779574 2.126469 1.779574 3 P 0
L 2.0500596 0.4178067 2.1040403 0.363826 3 P 0
L 2.0521109 0.4378067 2.1016821 0.3882355 3 P 0
L 2.0539142 1.5896012 2.0730209 1.6087079 3 P 0
L 2.0539367 1.7551646 2.126469 1.7551646 3 P 0
L 2.0568516 0.4578067 2.1020134 0.4126449 3 P 0
L 2.0586494 1.2425661 2.126469 1.2425661 3 P 0
L 2.0586629 1.7307551 2.126469 1.7307551 3 P 0
L 2.0603088 1.3696012 2.0897061 1.3402039 3 P 0
L 2.0610285 1.6819362 2.126469 1.6819362 3 P 0
L 2.0618143 1.7063457 2.126469 1.7063457 3 P 0
L 2.0626044 1.5696012 2.0773016 1.5842984 3 P 0
L 2.0632058 0.4778067 2.1039581 0.4370544 3 P 0
L 2.0651452 1.2669756 2.126469 1.2669756 3 P 0
L 2.0657548 1.6575268 2.126469 1.6575268 3 P 0
L 2.0663156 1.6331173 2.126469 1.6331173 3 P 0
L 2.0674086 0.4978067 2.1037515 0.4614638 3 P 0
L 2.068466 1.5496012 2.0787538 1.559889 3 P 0
L 2.0730209 1.6087079 2.126469 1.6087079 3 P 0
L 2.0739235 1.5296012 2.0798018 1.5354795 3 P 0
L 2.0746563 1.3896012 2.0996441 1.3646134 3 P 0
L 2.075914 0.5178067 2.1078474 0.4858733 3 P 0
L 2.0771037 1.291385 2.126469 1.291385 3 P 0
L 2.0773016 1.5842984 2.126469 1.5842984 3 P 0
L 2.0787538 1.559889 2.126469 1.559889 3 P 0
L 2.0798018 1.5354795 2.126469 1.5354795 3 P 0
L 2.0801168 0.5378067 2.1076408 0.5102827 3 P 0
L 2.0801721 1.3157945 2.126469 1.3157945 3 P 0
L 2.0833464 1.4096012 2.1039248 1.3890228 3 P 0
L 2.0859331 0.5578067 2.1090476 0.5346922 3 P 0
L 2.0897061 1.3402039 2.126469 1.3402039 3 P 0
L 2.090609 0.5778067 2.1093141 0.5591016 3 P 0
L 2.0957006 0.5978067 2.1099962 0.5835111 3 P 0
L 2.0972898 1.4296012 2.1134587 1.4134323 3 P 0
L 2.0996441 1.3646134 2.126469 1.3646134 3 P 0
L 2.0999187 1.4496012 2.1116782 1.4378417 3 P 0
L 2.1007708 0.2417788 2.126469 0.2417788 3 P 0
L 2.1014331 0.2905977 2.126469 0.2905977 3 P 0
L 2.1016821 0.3882355 2.126469 0.3882355 3 P 0
L 2.1020134 0.4126449 2.126469 0.4126449 3 P 0
L 2.1021777 0.2661882 2.126469 0.2661882 3 P 0
L 2.1033779 0.3150071 2.126469 0.3150071 3 P 0
L 2.1036668 0.2173693 2.126469 0.2173693 3 P 0
L 2.103709 0.3394166 2.126469 0.3394166 3 P 0
L 2.1037515 0.4614638 2.126469 0.4614638 3 P 0
L 2.1039248 1.3890228 2.126469 1.3890228 3 P 0
L 2.1039581 0.4370544 2.126469 0.4370544 3 P 0
L 2.1040403 0.363826 2.126469 0.363826 3 P 0
L 2.1051558 0.1685504 2.126469 0.1685504 3 P 0
L 2.1051765 1.4896012 2.1081171 1.4866606 3 P 0
L 2.1054868 0.1929599 2.126469 0.1929599 3 P 0
L 2.1059002 0.144141 2.126469 0.144141 3 P 0
L 2.1061843 1.4696012 2.1135343 1.4622512 3 P 0
L 2.1076408 0.5102827 2.126469 0.5102827 3 P 0
L 2.1078474 0.4858733 2.126469 0.4858733 3 P 0
L 2.1081171 1.4866606 2.126469 1.4866606 3 P 0
L 2.1090476 0.5346922 2.126469 0.5346922 3 P 0
L 2.1093141 0.5591016 2.126469 0.5591016 3 P 0
L 2.1099962 0.5835111 2.126469 0.5835111 3 P 0
L 2.1116782 1.4378417 2.126469 1.4378417 3 P 0
L 2.1134587 1.4134323 2.126469 1.4134323 3 P 0
L 2.1135343 1.4622512 2.126469 1.4622512 3 P 0
L 2.121705 0.6126845 2.126469 0.6079205 3 P 0
L 2.1250818 0.8045832 2.126469 0.803196 3 P 0
L 2.126469 0.144141 2.1568186 0.144141 2 P 0
L 2.126469 0.1685504 2.2158737 0.1685504 2 P 0
L 2.126469 0.1929599 2.1568186 0.1929599 2 P 0
L 2.126469 0.2173693 2.2158737 0.2173693 2 P 0
L 2.126469 0.2417788 2.1568186 0.2417788 2 P 0
L 2.126469 0.2661882 2.2158737 0.2661882 2 P 0
L 2.126469 0.2905977 2.1568186 0.2905977 2 P 0
L 2.126469 0.3150071 2.2158737 0.3150071 2 P 0
L 2.126469 0.3394166 2.1568186 0.3394166 2 P 0
L 2.126469 0.363826 2.2158737 0.363826 2 P 0
L 2.126469 0.3882355 2.1568186 0.3882355 2 P 0
L 2.126469 0.4126449 2.2158737 0.4126449 2 P 0
L 2.126469 0.4370544 2.1568186 0.4370544 2 P 0
L 2.126469 0.4614638 2.2158737 0.4614638 2 P 0
L 2.126469 0.4858733 2.1568186 0.4858733 2 P 0
L 2.126469 0.5102827 2.2158737 0.5102827 2 P 0
L 2.126469 0.5346922 2.1568186 0.5346922 2 P 0
L 2.126469 0.5591016 2.2158737 0.5591016 2 P 0
L 2.126469 0.5835111 2.1568186 0.5835111 2 P 0
L 2.126469 0.6079205 2.2158737 0.6079205 2 P 0
L 2.126469 0.63233 2.1568186 0.63233 2 P 0
L 2.126469 0.6811488 2.1568186 0.6811488 2 P 0
L 2.126469 0.7055582 2.2158737 0.7055582 2 P 0
L 2.126469 0.7299678 2.1568186 0.7299678 2 P 0
L 2.126469 0.7543772 2.2158737 0.7543772 2 P 0
L 2.126469 0.7787866 2.1568186 0.7787866 2 P 0
L 2.126469 0.803196 2.2158737 0.803196 2 P 0
L 2.126469 0.8276056 2.1568186 0.8276056 2 P 0
L 2.126469 0.852015 2.2158737 0.852015 2 P 0
L 2.126469 0.8764244 2.1568186 0.8764244 2 P 0
L 2.126469 0.9008338 2.2158737 0.9008338 2 P 0
L 2.126469 0.9252434 2.1568186 0.9252434 2 P 0
L 2.126469 0.9496528 2.2158737 0.9496528 2 P 0
L 2.126469 0.9740622 2.1568186 0.9740622 2 P 0
L 2.126469 0.9984716 2.2158737 0.9984716 2 P 0
L 2.126469 1.0228812 2.1568186 1.0228812 2 P 0
L 2.126469 1.0472906 2.2158737 1.0472906 2 P 0
L 2.126469 1.0717001 2.1568186 1.0717001 2 P 0
L 2.126469 1.0961095 2.2158737 1.0961095 2 P 0
L 2.126469 1.120519 2.1568186 1.120519 2 P 0
L 2.126469 1.1449284 2.2158737 1.1449284 2 P 0
L 2.126469 1.1693379 2.1568186 1.1693379 2 P 0
L 2.126469 1.1937473 2.2158737 1.1937473 2 P 0
L 2.126469 1.2181567 2.1568186 1.2181567 2 P 0
L 2.126469 1.2425661 2.2158737 1.2425661 2 P 0
L 2.126469 1.2669756 2.1568186 1.2669756 2 P 0
L 2.126469 1.291385 2.2158737 1.291385 2 P 0
L 2.126469 1.3157945 2.1568186 1.3157945 2 P 0
L 2.126469 1.3402039 2.2158737 1.3402039 2 P 0
L 2.126469 1.3646134 2.1568186 1.3646134 2 P 0
L 2.126469 1.3890228 2.2158737 1.3890228 2 P 0
L 2.126469 1.4134323 2.1568186 1.4134323 2 P 0
L 2.126469 1.4378417 2.2158737 1.4378417 2 P 0
L 2.126469 1.4622512 2.1568186 1.4622512 2 P 0
L 2.126469 1.4866606 2.2158737 1.4866606 2 P 0
L 2.126469 1.5110701 2.1568186 1.5110701 2 P 0
L 2.126469 1.5354795 2.2158737 1.5354795 2 P 0
L 2.126469 1.559889 2.1568186 1.559889 2 P 0
L 2.126469 1.5842984 2.2158737 1.5842984 2 P 0
L 2.126469 1.6087079 2.1568186 1.6087079 2 P 0
L 2.126469 1.6331173 2.2158737 1.6331173 2 P 0
L 2.126469 1.6575268 2.1568186 1.6575268 2 P 0
L 2.126469 1.6819362 2.2158737 1.6819362 2 P 0
L 2.126469 1.7063457 2.1568186 1.7063457 2 P 0
L 2.126469 1.7307551 2.2158737 1.7307551 2 P 0
L 2.126469 1.7551646 2.1568186 1.7551646 2 P 0
L 2.126469 1.779574 2.2158737 1.779574 2 P 0
L 2.1563785 0.1431738 6.1284165 0.1431738 1 P 0
L 2.1563785 0.1675714 6.1284165 0.1675714 1 P 0
L 2.1563785 0.191969 6.1284165 0.191969 1 P 0
L 2.1563785 0.2163666 6.1284165 0.2163666 1 P 0
L 2.1563785 0.2407642 6.1284165 0.2407642 1 P 0
L 2.1563785 0.2651618 6.1284165 0.2651618 1 P 0
L 2.1563785 0.2895594 6.1284165 0.2895594 1 P 0
L 2.1563785 0.313957 6.1284165 0.313957 1 P 0
L 2.1563785 0.3383546 6.1284165 0.3383546 1 P 0
L 2.1563785 0.3627522 6.1284165 0.3627522 1 P 0
L 2.1563785 0.3871498 6.1284165 0.3871498 1 P 0
L 2.1563785 0.4115474 6.1284165 0.4115474 1 P 0
L 2.1563785 0.435945 6.1284165 0.435945 1 P 0
L 2.1563785 0.4603426 6.1284165 0.4603426 1 P 0
L 2.1563785 0.4847402 6.1284165 0.4847402 1 P 0
L 2.1563785 0.5091378 6.1284165 0.5091378 1 P 0
L 2.1563785 0.5335354 6.1284165 0.5335354 1 P 0
L 2.1563785 0.557933 6.1284165 0.557933 1 P 0
L 2.1563785 0.5823306 6.1284165 0.5823306 1 P 0
L 2.1563785 0.6067282 6.1284165 0.6067282 1 P 0
L 2.1563785 0.6311258 6.1284165 0.6311258 1 P 0
L 2.1563785 0.6555234 6.1284165 0.6555234 1 P 0
L 2.1563785 0.679921 6.1284165 0.679921 1 P 0
L 2.1563785 0.7043186 6.1284165 0.7043186 1 P 0
L 2.1563785 0.7287162 6.1284165 0.7287162 1 P 0
L 2.1563785 0.7531138 6.1284165 0.7531138 1 P 0
L 2.1563785 0.7775114 6.1284165 0.7775114 1 P 0
L 2.1563785 0.801909 6.1284165 0.801909 1 P 0
L 2.1563785 0.8263066 6.1284165 0.8263066 1 P 0
L 2.1563785 0.8507042 6.1284165 0.8507042 1 P 0
L 2.1563785 0.8751018 6.1284165 0.8751018 1 P 0
L 2.1563785 0.8994994 6.1284165 0.8994994 1 P 0
L 2.1563785 0.923897 6.1284165 0.923897 1 P 0
L 2.1563785 0.9482946 6.1284165 0.9482946 1 P 0
L 2.1563785 0.9726922 6.1284165 0.9726922 1 P 0
L 2.1563785 0.9970898 6.1284165 0.9970898 1 P 0
L 2.1563785 1.0214874 6.1284165 1.0214874 1 P 0
L 2.1563785 1.045885 6.1284165 1.045885 1 P 0
L 2.1563785 1.0702826 6.1284165 1.0702826 1 P 0
L 2.1563785 1.0946802 6.1284165 1.0946802 1 P 0
L 2.1563785 1.1190778 6.1284165 1.1190778 1 P 0
L 2.1563785 1.1434754 6.1284165 1.1434754 1 P 0
L 2.1563785 1.167873 6.1284165 1.167873 1 P 0
L 2.1563785 1.1922706 6.1284165 1.1922706 1 P 0
L 2.1563785 1.2166682 6.1284165 1.2166682 1 P 0
L 2.1563785 1.2410658 6.1284165 1.2410658 1 P 0
L 2.1563785 1.2654634 6.1284165 1.2654634 1 P 0
L 2.1563785 1.289861 6.1284165 1.289861 1 P 0
L 2.1563785 1.3142586 6.1284165 1.3142586 1 P 0
L 2.1563785 1.3386562 6.1284165 1.3386562 1 P 0
L 2.1563785 1.3630538 6.1284165 1.3630538 1 P 0
L 2.1563785 1.3874514 6.1284165 1.3874514 1 P 0
L 2.1563785 1.411849 6.1284165 1.411849 1 P 0
L 2.1563785 1.4362466 6.1284165 1.4362466 1 P 0
L 2.1563785 1.4606442 6.1284165 1.4606442 1 P 0
L 2.1563785 1.4850418 6.1284165 1.4850418 1 P 0
L 2.1563785 1.5094394 6.1284165 1.5094394 1 P 0
L 2.1563785 1.533837 6.1284165 1.533837 1 P 0
L 2.1563785 1.5582346 6.1284165 1.5582346 1 P 0
L 2.1563785 1.5826322 6.1284165 1.5826322 1 P 0
L 2.1563785 1.6070298 6.1284165 1.6070298 1 P 0
L 2.1563785 1.6314274 6.1284165 1.6314274 1 P 0
L 2.1563785 1.655825 6.1284165 1.655825 1 P 0
L 2.1563785 1.6802226 6.1284165 1.6802226 1 P 0
L 2.1563785 1.7046202 6.1284165 1.7046202 1 P 0
L 2.1563785 1.7290178 6.1284165 1.7290178 1 P 0
L 2.1563785 1.7534154 6.1284165 1.7534154 1 P 0
L 2.1563785 1.777813 6.1284165 1.777813 1 P 0
L 6.421301 3.9770547 6.421301 4.0370353 4 P 0 ;2,3=1,4=0.000000
L 6.421301 4.0370353 6.4412945 4.0170418 4 P 0 ;2,3=1,4=0.000000
L 6.4412945 4.0170418 6.4612881 4.0370353 4 P 0 ;2,3=1,4=0.000000
L 6.4612881 4.0370353 6.4612881 3.9770547 4 P 0 ;2,3=1,4=0.000000
L 6.4812816 3.9770547 6.5012751 3.9770547 4 P 0 ;2,3=1,4=0.000000
L 6.4912784 3.9770547 6.4912784 4.0170418 4 P 0 ;2,3=1,4=0.000000
L 6.4912784 4.0170418 6.4812816 4.0170418 4 P 0 ;2,3=1,4=0.000000
L 6.5012751 3.9770547 6.4912784 3.9770547 4 P 0 ;2,3=1,4=0.000000
L 6.5312654 3.9870515 6.5312654 4.007045 4 P 0 ;2,3=1,4=0.000000
L 6.5312654 4.007045 6.5412622 4.0170418 4 P 0 ;2,3=1,4=0.000000
L 6.5412622 3.9770547 6.5312654 3.9870515 4 P 0 ;2,3=1,4=0.000000
L 6.5412622 4.0170418 6.5712525 4.0170418 4 P 0 ;2,3=1,4=0.000000
L 6.5712525 3.9770547 6.5412622 3.9770547 4 P 0 ;2,3=1,4=0.000000
L 6.5712525 4.0370353 6.5712525 3.9770547 4 P 0 ;2,3=1,4=0.000000
L 6.6512266 3.9770547 6.6912137 3.9770547 4 P 0 ;2,3=1,4=0.000000
L 6.6512266 4.0370353 6.6512266 3.9770547 4 P 0 ;2,3=1,4=0.000000
L 6.7112072 3.9870515 6.721204 3.9970482 4 P 0 ;2,3=1,4=0.000000
L 6.721204 3.9770547 6.7112072 3.9870515 4 P 0 ;2,3=1,4=0.000000
L 6.721204 3.9970482 6.7511943 3.9970482 4 P 0 ;2,3=1,4=0.000000
L 6.721204 4.0170418 6.7411975 4.0170418 4 P 0 ;2,3=1,4=0.000000
L 6.7411975 4.0170418 6.7511943 4.007045 4 P 0 ;2,3=1,4=0.000000
L 6.7511943 3.9770547 6.721204 3.9770547 4 P 0 ;2,3=1,4=0.000000
L 6.7511943 4.007045 6.7511943 3.9770547 4 P 0 ;2,3=1,4=0.000000
L 6.7711878 3.9870515 6.7811846 3.9770547 4 P 0 ;2,3=1,4=0.000000
L 6.7711878 4.0170418 6.7711878 3.9870515 4 P 0 ;2,3=1,4=0.000000
L 6.7811846 3.9770547 6.8111749 3.9770547 4 P 0 ;2,3=1,4=0.000000
L 6.8011781 3.9570612 6.7911813 3.9570612 4 P 0 ;2,3=1,4=0.000000
L 6.8111749 3.9670579 6.8011781 3.9570612 4 P 0 ;2,3=1,4=0.000000
L 6.8111749 3.9770547 6.8111749 3.9670579 4 P 0 ;2,3=1,4=0.000000
L 6.8111749 3.9770547 6.8111749 4.0170418 4 P 0 ;2,3=1,4=0.000000
L 6.8311684 3.9870515 6.8311684 4.007045 4 P 0 ;2,3=1,4=0.000000
L 6.8311684 4.007045 6.8411652 4.0170418 4 P 0 ;2,3=1,4=0.000000
L 6.8411652 3.9770547 6.8311684 3.9870515 4 P 0 ;2,3=1,4=0.000000
L 6.8411652 4.0170418 6.8611587 4.0170418 4 P 0 ;2,3=1,4=0.000000
L 6.8611587 3.9770547 6.8411652 3.9770547 4 P 0 ;2,3=1,4=0.000000
L 6.8611587 4.0170418 6.8711555 4.007045 4 P 0 ;2,3=1,4=0.000000
L 6.8711555 3.9970482 6.8311684 3.9970482 4 P 0 ;2,3=1,4=0.000000
L 6.8711555 4.007045 6.8711555 3.9970482 4 P 0 ;2,3=1,4=0.000000
L 6.891149 3.9770547 6.891149 3.9970482 4 P 0 ;2,3=1,4=0.000000
L 6.891149 3.9970482 6.9011458 4.007045 4 P 0 ;2,3=1,4=0.000000
L 6.891149 4.0170418 6.891149 3.9770547 4 P 0 ;2,3=1,4=0.000000
L 6.9011458 4.007045 6.9111425 4.0170418 4 P 0 ;2,3=1,4=0.000000
L 6.9111425 4.0170418 6.9211393 4.0170418 4 P 0 ;2,3=1,4=0.000000
L 7.0111102 3.9770547 7.0510973 4.0170418 4 P 0 ;2,3=1,4=0.000000
L 7.021107 4.0370353 7.0111102 4.0270385 4 P 0 ;2,3=1,4=0.000000
L 7.0411005 4.0370353 7.021107 4.0370353 4 P 0 ;2,3=1,4=0.000000
L 7.0510973 3.9770547 7.0111102 3.9770547 4 P 0 ;2,3=1,4=0.000000
L 7.0510973 4.0170418 7.0510973 4.0270385 4 P 0 ;2,3=1,4=0.000000
L 7.0510973 4.0270385 7.0411005 4.0370353 4 P 0 ;2,3=1,4=0.000000
P 6.7273809 0.743662 5 P 0 0
P 6.8999069 0.90676 0 P 0 0 ;0=0,1=0
P 6.8999069 1.0639245 0 P 0 0 ;0=0,1=0
S P 0
OB 6.2250687 1.824741 I
OS 6.2323526 1.8217882
OS 6.2325942 1.8221105
OS 6.2548659 1.8016178
OS 6.2972325 1.7583861
OS 6.337309 1.7130232
OS 6.3749884 1.6656505
OS 6.4101701 1.6163944
OS 6.44276 1.5653864
OS 6.4726713 1.5127629
OS 6.4998239 1.4586644
OS 6.5241453 1.4032353
OS 6.5455706 1.3466238
OS 6.5640426 1.2889809
OS 6.5795119 1.2304607
OS 6.5919373 1.1712195
OS 6.6012854 1.1114154
OS 6.6075314 1.0512082
OS 6.6106586 0.9907588
OS 6.6106587 0.9302285
OS 6.6075315 0.8697791
OS 6.6012855 0.8095719
OS 6.5919374 0.7497679
OS 6.5795121 0.6905266
OS 6.5640428 0.6320064
OS 6.5455708 0.5743635
OS 6.5241455 0.5177519
OS 6.4998241 0.4623229
OS 6.4726716 0.4082243
OS 6.4427604 0.3556008
OS 6.4101704 0.3045929
OS 6.3749888 0.2553367
OS 6.3373094 0.207964
OS 6.2972329 0.1626011
OS 6.2548664 0.1193693
OS 6.2325946 0.0988767
OS 6.2323527 0.0991985
OS 6.2323526 0.0991985
OS 6.2250687 0.0962457
OS 6.2096285 0.0932955
OS 6.1939095 0.0934143
OS 6.1785157 0.0965975
OS 6.1640387 0.1027226
OS 6.1510348 0.1115544
OS 6.1400038 0.1227534
OS 6.1313695 0.1358893
OS 6.1284167 0.1431733
OS 6.1284165 1.777813
OS 6.1284167 1.7778135
OS 6.1284167 1.7778134
OS 6.1313695 1.7850974
OS 6.1400038 1.7982333
OS 6.1510348 1.8094323
OS 6.1640387 1.8182641
OS 6.1785157 1.8243892
OS 6.1939095 1.8275724
OS 6.2096285 1.8276912
OS 6.2250687 1.824741
OE
OB 6.4921131 0.9370274 H
OS 6.4840205 0.935962
OS 6.4764793 0.9328383
OS 6.4700036 0.9278694
OS 6.4650347 0.9213937
OS 6.461911 0.9138525
OS 6.4608456 0.9057599
OS 6.461911 0.8976673
OS 6.4650347 0.8901261
OS 6.4700036 0.8836504
OS 6.4764793 0.8786815
OS 6.4840205 0.8755578
OS 6.4921131 0.8744924
OS 6.5002057 0.8755578
OS 6.5077469 0.8786815
OS 6.5142226 0.8836504
OS 6.5191915 0.8901261
OS 6.5223152 0.8976673
OS 6.5233806 0.9057599
OS 6.5223152 0.9138525
OS 6.5191915 0.9213937
OS 6.5142226 0.9278694
OS 6.5077469 0.9328383
OS 6.5002057 0.935962
OS 6.4921131 0.9370274
OE
OB 6.5653414 0.9370274 H
OS 6.5572488 0.935962
OS 6.5497077 0.9328383
OS 6.5432319 0.9278694
OS 6.538263 0.9213937
OS 6.5351393 0.9138525
OS 6.5340739 0.9057599
OS 6.5351393 0.8976673
OS 6.538263 0.8901261
OS 6.5432319 0.8836504
OS 6.5497077 0.8786815
OS 6.5572488 0.8755578
OS 6.5653414 0.8744924
OS 6.573434 0.8755578
OS 6.5809751 0.8786815
OS 6.5874509 0.8836504
OS 6.5924198 0.8901261
OS 6.5955435 0.8976673
OS 6.5966089 0.9057599
OS 6.5955435 0.9138525
OS 6.5924198 0.9213937
OS 6.5874509 0.9278694
OS 6.5809751 0.9328383
OS 6.573434 0.935962
OS 6.5653414 0.9370274
OE
SE
P 0.5071178 0.1433679 7 P 0 0 ;0=3,1=1
P 0.5514967 1.4523627 7 P 0 0 ;0=3,1=1
P 0.5514967 1.5468508 7 P 0 0 ;0=3,1=1
P 0.5514968 1.07441 7 P 0 0 ;0=3,1=1
P 0.5514968 1.1688982 7 P 0 0 ;0=3,1=1
P 0.5514968 1.2633864 7 P 0 0 ;0=3,1=1
P 0.5514968 1.3578744 7 P 0 0 ;0=3,1=1
P 0.5514968 1.7358273 7 P 0 0 ;0=3,1=1
P 0.5514969 0.9799218 7 P 0 0 ;0=3,1=1
P 0.5514969 1.6413391 7 P 0 0 ;0=3,1=1
P 0.5869297 1.4523627 7 P 0 0 ;0=3,1=1
P 0.5869297 1.5468508 7 P 0 0 ;0=3,1=1
P 0.5869298 1.07441 7 P 0 0 ;0=3,1=1
P 0.5869298 1.1688982 7 P 0 0 ;0=3,1=1
P 0.5869298 1.2633864 7 P 0 0 ;0=3,1=1
P 0.5869298 1.3578744 7 P 0 0 ;0=3,1=1
P 0.5869298 1.7358273 7 P 0 0 ;0=3,1=1
P 0.5869299 1.6413391 7 P 0 0 ;0=3,1=1
P 0.6223628 1.4523627 7 P 0 0 ;0=3,1=1
P 0.6223628 1.5468508 7 P 0 0 ;0=3,1=1
P 0.6223629 1.07441 7 P 0 0 ;0=3,1=1
P 0.6223629 1.1688982 7 P 0 0 ;0=3,1=1
P 0.6223629 1.2633864 7 P 0 0 ;0=3,1=1
P 0.6223629 1.3578744 7 P 0 0 ;0=3,1=1
P 0.6223629 1.7358273 7 P 0 0 ;0=3,1=1
P 0.622363 1.6413391 7 P 0 0 ;0=3,1=1
P 0.6577959 1.4523627 7 P 0 0 ;0=3,1=1
P 0.6577959 1.5468508 7 P 0 0 ;0=3,1=1
P 0.657796 1.07441 7 P 0 0 ;0=3,1=1
P 0.657796 1.1688982 7 P 0 0 ;0=3,1=1
P 0.657796 1.2633864 7 P 0 0 ;0=3,1=1
P 0.657796 1.3578744 7 P 0 0 ;0=3,1=1
P 0.657796 1.7358273 7 P 0 0 ;0=3,1=1
P 0.6577961 1.6413391 7 P 0 0 ;0=3,1=1
P 1.0471751 1.8586011 7 P 0 0 ;0=3,1=1
P 1.237481 0.590158 7 P 0 0 ;0=3,1=1
P 1.237481 0.6846461 7 P 0 0 ;0=3,1=1
P 1.2374811 0.2122053 7 P 0 0 ;0=3,1=1
P 1.2374811 0.3066935 7 P 0 0 ;0=3,1=1
P 1.2374811 0.4011817 7 P 0 0 ;0=3,1=1
P 1.2374811 0.4956697 7 P 0 0 ;0=3,1=1
P 1.2374812 0.1177171 7 P 0 0 ;0=3,1=1
P 1.2374812 0.7791344 7 P 0 0 ;0=3,1=1
P 1.272914 0.590158 7 P 0 0 ;0=3,1=1
P 1.272914 0.6846461 7 P 0 0 ;0=3,1=1
P 1.2729141 0.2122053 7 P 0 0 ;0=3,1=1
P 1.2729141 0.3066935 7 P 0 0 ;0=3,1=1
P 1.2729141 0.4011817 7 P 0 0 ;0=3,1=1
P 1.2729141 0.4956697 7 P 0 0 ;0=3,1=1
P 1.2729142 0.1177171 7 P 0 0 ;0=3,1=1
P 1.2729142 0.7791344 7 P 0 0 ;0=3,1=1
P 1.3083471 0.590158 7 P 0 0 ;0=3,1=1
P 1.3083471 0.6846461 7 P 0 0 ;0=3,1=1
P 1.3083472 0.2122053 7 P 0 0 ;0=3,1=1
P 1.3083472 0.3066935 7 P 0 0 ;0=3,1=1
P 1.3083472 0.4011817 7 P 0 0 ;0=3,1=1
P 1.3083472 0.4956697 7 P 0 0 ;0=3,1=1
P 1.3083473 0.1177171 7 P 0 0 ;0=3,1=1
P 1.3083473 0.7791344 7 P 0 0 ;0=3,1=1
P 1.3437802 0.590158 7 P 0 0 ;0=3,1=1
P 1.3437802 0.6846461 7 P 0 0 ;0=3,1=1
P 1.3437803 0.2122053 7 P 0 0 ;0=3,1=1
P 1.3437803 0.3066935 7 P 0 0 ;0=3,1=1
P 1.3437803 0.4011817 7 P 0 0 ;0=3,1=1
P 1.3437803 0.4956697 7 P 0 0 ;0=3,1=1
P 1.3437804 0.1177171 7 P 0 0 ;0=3,1=1
P 1.3437804 0.7791344 7 P 0 0 ;0=3,1=1
P 1.3437804 0.8736226 7 P 0 0 ;0=3,1=1
P 6.7456125 0.7109415 6 P 0 0 ;0=2,1=1
P 6.8367713 0.7109415 6 P 0 0 ;0=2,1=1
P 6.8367713 0.788291 6 P 0 0 ;0=2,1=1
P 6.8999069 0.90676 6 P 0 0 ;0=2,1=1
P 6.8999069 1.0639245 6 P 0 0 ;0=2,1=1
