#Layer_Color=8388736
#
#Feature symbol names
#
$0 r7.874
$1 r20

#
#Feature attribute names
#

#
#Layer features
#
A 1.2405513 4.9742129 1.2679135 5.0015751 1.2405513 5.0015751 0 P 0 N
A 1.2954726 5.2102365 1.2681104 5.1828743 1.2954726 5.1828743 0 P 0 N
A 1.3379136 2.6674409 1.3105514 2.6948031 1.3105514 2.6674409 0 P 0 N
A 1.3381105 2.4861417 1.3654727 2.4587795 1.3654727 2.4861417 0 P 0 N
A 3.4861419 5.1828743 3.4587797 5.2102365 3.4587797 5.1828743 0 P 0 N
A 3.4863388 5.0015751 3.513701 4.9742129 3.513701 5.0015751 0 P 0 N
A 3.5287798 2.4587795 3.556142 2.4861417 3.5287798 2.4861417 0 P 0 N
A 3.5837011 2.6948031 3.5563389 2.6674409 3.5837011 2.6674409 0 P 0 N
A 4.1245513 4.9702129 4.1519135 4.9975751 4.1245513 4.9975751 0 P 0 N
A 4.1526612 2.6684249 4.125299 2.6957871 4.125299 2.6684249 0 P 0 N
A 4.1528581 2.4871257 4.1802203 2.4597635 4.1802203 2.4871257 0 P 0 N
A 4.1794726 5.2062365 4.1521104 5.1788743 4.1794726 5.1788743 0 P 0 N
A 6.3435274 2.4597635 6.3708896 2.4871257 6.3435274 2.4871257 0 P 0 N
A 6.3701419 5.1788743 6.3427797 5.2062365 6.3427797 5.1788743 0 P 0 N
A 6.3703388 4.9975751 6.397701 4.9702129 6.397701 4.9975751 0 P 0 N
A 6.3984487 2.6957871 6.3710865 2.6684249 6.3984487 2.6684249 0 P 0 N
A 6.9656291 4.9701189 6.9929913 4.9974811 6.9656291 4.9974811 0 P 0 N
A 6.9887399 2.6675189 6.9613777 2.6948811 6.9613777 2.6675189 0 P 0 N
A 6.9889368 2.4862197 7.016299 2.4588575 7.016299 2.4862197 0 P 0 N
A 7.0205504 5.2061425 6.9931882 5.1787803 7.0205504 5.1787803 0 P 0 N
A 9.1796061 2.4588575 9.2069683 2.4862197 9.1796061 2.4862197 0 P 0 N
A 9.2112197 5.1787803 9.1838575 5.2061425 9.1838575 5.1787803 0 P 0 N
A 9.2114166 4.9974811 9.2387788 4.9701189 9.2387788 4.9974811 0 P 0 N
A 9.2345274 2.6948811 9.2071652 2.6675189 9.2345274 2.6675189 0 P 0 N
L 1.0061024 4.48189 1.0061024 4.846 0 P 0
L 1.0061024 4.855906 1.0061024 4.974016 0 P 0
L 1.0061024 4.855906 1.3427164 4.855906 0 P 0
L 1.0061024 4.974016 3.7481505 4.974016 0 P 0
L 1.015 2.7 1.015 4.975 1 P 0
L 1.015 2.7 9.47 2.7 1 P 0
L 1.015 4.975 9.475 4.975 1 P 0
L 1.0753539 2.695 1.0753539 2.81311 0 P 0
L 1.0761019 2.695 3.81815 2.695 0 P 0
L 1.0761019 2.81311 3.481536 2.81311 0 P 0
L 1.0761019 2.827016 1.0761019 3.187126 0 P 0
L 1.2679144 5.001576 1.2679144 5.182678 0 P 0
L 1.2954724 5.210236 3.4587797 5.210236 0 P 0
L 1.3379139 2.486338 1.3379139 2.66744 0 P 0
L 1.3427164 4.48189 1.3427164 4.845 0 P 0
L 1.3427164 4.855906 3.7481505 4.855906 0 P 0
L 1.3654727 2.45878 3.52878 2.45878 0 P 0
L 1.4127159 2.823016 1.4127159 3.187126 0 P 0
L 3.4115365 4.48189 3.4115365 4.846 0 P 0
L 3.481536 2.81311 3.81815 2.81311 0 P 0
L 3.481536 2.824016 3.481536 3.187126 0 P 0
L 3.4863385 5.001576 3.4863385 5.182678 0 P 0
L 3.556338 2.486338 3.556338 2.66744 0 P 0
L 3.7481505 4.48189 3.7481505 4.842 0 P 0
L 3.7488985 4.855906 3.7488985 4.974016 0 P 0
L 3.81815 2.695 3.81815 2.81311 0 P 0
L 3.81815 2.823016 3.81815 3.187126 0 P 0
L 3.8901015 2.695984 3.8901015 2.814094 0 P 0
L 3.8901024 4.47789 3.8901024 4.842 0 P 0
L 3.8901024 4.851906 3.8901024 4.970016 0 P 0
L 3.8901024 4.851906 4.2267164 4.851906 0 P 0
L 3.8901024 4.970016 6.6321505 4.970016 0 P 0
L 3.8908495 2.695984 6.6328976 2.695984 0 P 0
L 3.8908495 2.814094 6.2962836 2.814094 0 P 0
L 3.8908495 2.828 3.8908495 3.18811 0 P 0
L 4.1519144 4.997576 4.1519144 5.178678 0 P 0
L 4.1526615 2.487322 4.1526615 2.668424 0 P 0
L 4.1794724 5.206236 6.3427797 5.206236 0 P 0
L 4.1802203 2.459764 6.3435276 2.459764 0 P 0
L 4.2267164 4.47789 4.2267164 4.841 0 P 0
L 4.2267164 4.851906 6.6321505 4.851906 0 P 0
L 4.2274635 2.824 4.2274635 3.18811 0 P 0
L 6.2955365 4.47789 6.2955365 4.842 0 P 0
L 6.2962836 2.814094 6.6328976 2.814094 0 P 0
L 6.2962836 2.825 6.2962836 3.18811 0 P 0
L 6.3703385 4.997576 6.3703385 5.178678 0 P 0
L 6.3710856 2.487322 6.3710856 2.668424 0 P 0
L 6.6321505 4.47789 6.6321505 4.838 0 P 0
L 6.6328976 2.695984 6.6328976 2.814094 0 P 0
L 6.6328976 2.824 6.6328976 3.18811 0 P 0
L 6.6328985 4.851906 6.6328985 4.970016 0 P 0
L 6.7261802 2.695078 6.7261802 2.813188 0 P 0
L 6.7269282 2.695078 9.4689763 2.695078 0 P 0
L 6.7269282 2.813188 9.1323623 2.813188 0 P 0
L 6.7269282 2.827094 6.7269282 3.187204 0 P 0
L 6.7311802 4.477796 6.7311802 4.841906 0 P 0
L 6.7311802 4.851812 6.7311802 4.969922 0 P 0
L 6.7311802 4.851812 7.0677942 4.851812 0 P 0
L 6.7311802 4.969922 9.4732283 4.969922 0 P 0
L 6.9887402 2.486416 6.9887402 2.667518 0 P 0
L 6.9929922 4.997482 6.9929922 5.178584 0 P 0
L 7.016299 2.458858 9.1796063 2.458858 0 P 0
L 7.0205502 5.206142 9.1838575 5.206142 0 P 0
L 7.0635422 2.823094 7.0635422 3.187204 0 P 0
L 7.0677942 4.477796 7.0677942 4.840906 0 P 0
L 7.0677942 4.851812 9.4732283 4.851812 0 P 0
L 9.1323623 2.813188 9.4689763 2.813188 0 P 0
L 9.1323623 2.824094 9.1323623 3.187204 0 P 0
L 9.1366143 4.477796 9.1366143 4.841906 0 P 0
L 9.2071643 2.486416 9.2071643 2.667518 0 P 0
L 9.2114163 4.997482 9.2114163 5.178584 0 P 0
L 9.4689763 2.695078 9.4689763 2.813188 0 P 0
L 9.4689763 2.823094 9.4689763 3.187204 0 P 0
L 9.47 2.7 9.475 2.705 1 P 0
L 9.4732283 4.477796 9.4732283 4.837906 0 P 0
L 9.4739763 4.851812 9.4739763 4.969922 0 P 0
L 9.475 2.705 9.475 2.72 1 P 0
L 9.475 2.72 9.475 4.975 1 P 0
